#DiseaseAUCs	BiologicalProcessAUCs
0.678816	nan
0.704543	nan
0.666682	nan
0.702126	nan
0.699343	nan
0.696652	nan
0.687529	nan
0.760515	nan
0.641274	nan
0.718365	nan
0.696925	nan
0.720828	nan
0.669191	nan
0.688851	nan
0.661345	nan
0.731685	nan
0.709972	nan
0.694462	nan
0.647432	nan
0.733145	nan
0.734194	nan
0.695739	nan
0.705045	nan
0.638810	nan
0.665998	nan
0.671654	nan
0.686206	nan
0.721102	nan
0.660661	nan
0.718319	nan
0.742086	nan
0.703996	nan
0.735380	nan
0.673889	nan
0.669738	nan
0.689946	nan
0.665040	nan
0.692364	nan
0.716176	nan
0.688213	nan
0.658790	nan
0.695511	nan
0.742268	nan
0.712207	nan
0.633519	nan
0.696606	nan
0.697975	nan
0.703950	nan
0.701487	nan
0.702399	nan
