#DiseaseAUCs	BiologicalProcessAUCs
0.678496	nan
0.658106	nan
0.624669	nan
0.678588	nan
0.631922	nan
0.683286	nan
0.716176	nan
0.666864	nan
0.672840	nan
0.650488	nan
0.658608	nan
0.627862	nan
0.700119	nan
0.683788	nan
0.654183	nan
0.611304	nan
0.670559	nan
0.651218	nan
0.651172	nan
0.670650	nan
0.700073	nan
0.658015	nan
0.704954	nan
0.652586	nan
0.727762	nan
0.677995	nan
0.689125	nan
0.667229	nan
0.701578	nan
0.659064	nan
0.679454	nan
0.648162	nan
0.689809	nan
0.714260	nan
0.692227	nan
0.723520	nan
0.717909	nan
0.638582	nan
0.678861	nan
0.657376	nan
0.602226	nan
0.660250	nan
0.668005	nan
0.696743	nan
0.701533	nan
0.679728	nan
0.694143	nan
0.674802	nan
0.620108	nan
0.678770	nan
