#DiseaseAUCs	BiologicalProcessAUCs
0.684746	nan
0.676581	nan
0.668233	nan
0.648116	nan
0.737798	nan
0.617279	nan
0.728629	nan
0.664447	nan
0.630189	nan
0.662303	nan
0.666727	nan
0.685978	nan
0.669510	nan
0.649393	nan
0.651400	nan
0.682328	nan
0.690265	nan
0.672247	nan
0.668643	nan
0.662713	nan
0.701715	nan
0.628227	nan
0.708375	nan
0.620609	nan
0.652723	nan
0.656236	nan
0.658197	nan
0.632652	nan
0.698340	nan
0.652564	nan
0.708649	nan
0.661847	nan
0.729267	nan
0.709698	nan
0.687027	nan
0.695055	nan
0.645972	nan
0.687483	nan
0.717795	nan
0.682921	nan
0.674893	nan
0.680093	nan
0.635389	nan
0.643007	nan
0.720920	nan
0.642163	nan
0.635663	nan
0.669647	nan
0.689353	nan
0.691543	nan
