#DiseaseAUCs	BiologicalProcessAUCs
0.723520	nan
0.693276	nan
0.752942	nan
0.672201	nan
0.714898	nan
0.709287	nan
0.719004	nan
0.697655	nan
0.754813	nan
0.684199	nan
0.715902	nan
0.711112	nan
0.694462	nan
0.689353	nan
0.690858	nan
0.746647	nan
0.753718	nan
0.710200	nan
0.744549	nan
0.728081	nan
0.730682	nan
0.670149	nan
0.669738	nan
0.676900	nan
0.716449	nan
0.694052	nan
0.746465	nan
0.730225	nan
0.697929	nan
0.720418	nan
0.660296	nan
0.669693	nan
0.642368	nan
0.690220	nan
0.663899	nan
0.717225	nan
0.735198	nan
0.715902	nan
0.733373	nan
0.704726	nan
0.670240	nan
0.697792	nan
0.718730	nan
0.714670	nan
0.710428	nan
0.712435	nan
0.716312	nan
0.675166	nan
0.698613	nan
0.718137	nan
