#DiseaseAUCs	BiologicalProcessAUCs
0.708466	nan
0.690129	nan
0.737159	nan
0.746145	nan
0.738208	nan
0.731275	nan
0.777073	nan
0.769227	nan
0.690402	nan
0.721193	nan
0.687483	nan
0.729587	nan
0.726987	nan
0.724706	nan
0.689764	nan
0.679865	nan
0.729131	nan
0.728857	nan
0.718228	nan
0.709287	nan
0.738619	nan
0.725390	nan
0.692501	nan
0.697838	nan
0.727534	nan
0.755542	nan
0.686388	nan
0.729952	nan
0.713393	nan
0.711477	nan
0.720144	nan
0.672201	nan
0.687255	nan
0.761518	nan
0.735426	nan
0.681462	nan
0.730453	nan
0.729359	nan
0.740170	nan
0.724022	nan
0.690585	nan
0.713575	nan
0.702034	nan
0.755041	nan
0.744412	nan
0.709424	nan
0.784554	nan
0.738984	nan
0.710656	nan
0.689034	nan
