#Iter	Time	Change
0	0.52	5.241674e+03
1	0.05	1.860157e+03
2	0.05	1.345253e+03
3	0.04	8.494075e+02
4	0.04	7.083507e+02
5	0.04	5.487681e+02
6	0.04	4.913199e+02
7	0.04	4.271165e+02
8	0.04	3.955514e+02
9	0.04	3.627110e+02
10	0.04	3.413366e+02
11	0.05	3.204915e+02
12	0.04	3.042630e+02
13	0.04	2.890065e+02
14	0.04	2.759940e+02
15	0.04	2.639529e+02
16	0.04	2.532414e+02
17	0.04	2.433772e+02
18	0.04	2.344272e+02
19	0.05	2.261822e+02
20	0.04	2.186217e+02
21	0.04	2.116368e+02
22	0.04	2.051862e+02
23	0.04	1.992021e+02
24	0.05	1.936430e+02
25	0.05	1.884614e+02
26	0.07	1.836212e+02
27	0.10	1.790867e+02
28	0.04	1.748282e+02
29	0.05	1.708178e+02
30	0.05	1.670317e+02
31	0.05	1.634481e+02
32	0.04	1.600476e+02
33	0.04	1.568130e+02
34	0.05	1.537291e+02
35	0.07	1.507820e+02
36	0.05	1.479597e+02
37	0.08	1.452512e+02
38	0.06	1.426468e+02
39	0.05	1.401377e+02
40	0.06	1.377164e+02
41	0.05	1.353757e+02
42	0.05	1.331095e+02
43	0.06	1.309122e+02
44	0.05	1.287789e+02
45	0.05	1.267050e+02
46	0.06	1.246866e+02
47	0.04	1.227201e+02
48	0.05	1.208022e+02
49	0.04	1.189301e+02
50	0.04	1.171010e+02
51	0.04	1.153125e+02
52	0.04	1.135627e+02
53	0.04	1.118494e+02
54	0.03	1.101709e+02
55	0.05	1.085257e+02
56	0.04	1.069122e+02
57	0.04	1.053291e+02
58	0.04	1.037752e+02
59	0.04	1.022494e+02
60	0.04	1.007506e+02
61	0.04	9.927795e+01
62	0.04	9.783050e+01
63	0.04	9.640746e+01
64	0.04	9.500810e+01
65	0.04	9.363172e+01
66	0.04	9.227767e+01
67	0.05	9.094535e+01
68	0.04	8.963419e+01
69	0.04	8.834366e+01
70	0.06	8.707326e+01
71	0.04	8.582253e+01
72	0.04	8.459102e+01
73	0.04	8.337831e+01
74	0.04	8.218400e+01
75	0.04	8.100771e+01
76	0.04	7.984908e+01
77	0.04	7.870775e+01
78	0.04	7.758341e+01
79	0.04	7.647572e+01
80	0.04	7.538439e+01
81	0.04	7.430912e+01
82	0.04	7.324963e+01
83	0.04	7.220564e+01
84	0.04	7.117688e+01
85	0.04	7.016310e+01
86	0.04	6.916405e+01
87	0.04	6.817950e+01
88	0.04	6.720919e+01
89	0.04	6.625290e+01
90	0.04	6.531042e+01
91	0.04	6.438151e+01
92	0.04	6.346598e+01
93	0.03	6.256361e+01
94	0.04	6.167420e+01
95	0.04	6.079755e+01
96	0.04	5.993346e+01
97	0.04	5.908175e+01
98	0.03	5.824224e+01
99	0.04	5.741472e+01
100	0.04	5.659904e+01
101	0.05	5.579501e+01
102	0.04	5.500246e+01
103	0.04	5.422122e+01
104	0.04	5.345113e+01
105	0.04	5.269202e+01
106	0.04	5.194372e+01
107	0.04	5.120609e+01
108	0.04	5.047897e+01
109	0.04	4.976220e+01
110	0.04	4.905564e+01
111	0.04	4.835913e+01
112	0.04	4.767253e+01
113	0.05	4.699570e+01
114	0.04	4.632850e+01
115	0.05	4.567079e+01
116	0.04	4.502243e+01
117	0.06	4.438329e+01
118	0.06	4.375323e+01
119	0.07	4.313213e+01
120	0.04	4.251986e+01
121	0.04	4.191628e+01
122	0.04	4.132129e+01
123	0.04	4.073474e+01
124	0.04	4.015653e+01
125	0.04	3.958653e+01
126	0.04	3.902463e+01
127	0.04	3.847072e+01
128	0.04	3.792466e+01
129	0.04	3.738637e+01
130	0.04	3.685571e+01
131	0.04	3.633260e+01
132	0.04	3.581691e+01
133	0.04	3.530854e+01
134	0.04	3.480739e+01
135	0.04	3.431336e+01
136	0.04	3.382634e+01
137	0.04	3.334624e+01
138	0.04	3.287295e+01
139	0.04	3.240638e+01
140	0.04	3.194643e+01
141	0.03	3.149302e+01
142	0.04	3.104604e+01
143	0.04	3.060541e+01
144	0.04	3.017103e+01
145	0.04	2.974281e+01
146	0.04	2.932068e+01
147	0.04	2.890454e+01
148	0.04	2.849430e+01
149	0.05	2.808989e+01
150	0.04	2.769122e+01
151	0.04	2.729820e+01
152	0.04	2.691077e+01
153	0.04	2.652883e+01
154	0.03	2.615232e+01
155	0.04	2.578115e+01
156	0.04	2.541524e+01
157	0.04	2.505454e+01
158	0.04	2.469895e+01
159	0.04	2.434840e+01
160	0.03	2.400284e+01
161	0.04	2.366218e+01
162	0.04	2.332635e+01
163	0.05	2.299529e+01
164	0.09	2.266893e+01
165	0.06	2.234720e+01
166	0.05	2.203003e+01
167	0.05	2.171737e+01
168	0.05	2.140915e+01
169	0.04	2.110530e+01
170	0.04	2.080576e+01
171	0.04	2.051047e+01
172	0.05	2.021938e+01
173	0.06	1.993242e+01
174	0.04	1.964952e+01
175	0.05	1.937065e+01
176	0.05	1.909573e+01
177	0.05	1.882471e+01
178	0.05	1.855755e+01
179	0.05	1.829417e+01
180	0.05	1.803453e+01
181	0.05	1.777857e+01
182	0.05	1.752625e+01
183	0.04	1.727751e+01
184	0.04	1.703230e+01
185	0.05	1.679057e+01
186	0.04	1.655227e+01
187	0.04	1.631735e+01
188	0.04	1.608577e+01
189	0.04	1.585747e+01
190	0.04	1.563241e+01
191	0.04	1.541055e+01
192	0.04	1.519184e+01
193	0.04	1.497623e+01
194	0.04	1.476368e+01
195	0.04	1.455415e+01
196	0.04	1.434759e+01
197	0.04	1.414396e+01
198	0.04	1.394322e+01
199	0.05	1.374533e+01
200	0.04	1.355025e+01
201	0.04	1.335794e+01
202	0.04	1.316836e+01
203	0.04	1.298147e+01
204	0.04	1.279723e+01
205	0.04	1.261560e+01
206	0.04	1.243656e+01
207	0.04	1.226005e+01
208	0.04	1.208605e+01
209	0.04	1.191452e+01
210	0.05	1.174542e+01
211	0.04	1.157873e+01
212	0.04	1.141440e+01
213	0.04	1.125240e+01
214	0.04	1.109270e+01
215	0.04	1.093527e+01
216	0.04	1.078007e+01
217	0.04	1.062707e+01
218	0.04	1.047625e+01
219	0.03	1.032756e+01
220	0.04	1.018099e+01
221	0.05	1.003650e+01
222	0.04	9.894055e+00
223	0.05	9.753634e+00
224	0.04	9.615206e+00
225	0.04	9.478743e+00
226	0.04	9.344216e+00
227	0.04	9.211599e+00
228	0.04	9.080864e+00
229	0.04	8.951984e+00
230	0.04	8.824933e+00
231	0.05	8.699686e+00
232	0.04	8.576216e+00
233	0.03	8.454498e+00
234	0.04	8.334508e+00
235	0.04	8.216221e+00
236	0.04	8.099612e+00
237	0.04	7.984659e+00
238	0.04	7.871337e+00
239	0.04	7.759623e+00
240	0.04	7.649495e+00
241	0.04	7.540930e+00
242	0.04	7.433906e+00
243	0.04	7.328400e+00
244	0.04	7.224392e+00
245	0.04	7.121860e+00
246	0.04	7.020784e+00
247	0.04	6.921141e+00
248	0.04	6.822913e+00
249	0.04	6.726079e+00
250	0.04	6.630620e+00
251	0.04	6.536515e+00
252	0.04	6.443746e+00
253	0.04	6.352293e+00
254	0.04	6.262139e+00
255	0.04	6.173263e+00
256	0.04	6.085650e+00
257	0.04	5.999279e+00
258	0.04	5.914135e+00
259	0.04	5.830199e+00
260	0.04	5.747454e+00
261	0.04	5.665883e+00
262	0.04	5.585470e+00
263	0.04	5.506199e+00
264	0.04	5.428052e+00
265	0.04	5.351015e+00
266	0.04	5.275071e+00
267	0.04	5.200205e+00
268	0.04	5.126401e+00
269	0.04	5.053645e+00
270	0.04	4.981921e+00
271	0.04	4.911215e+00
272	0.04	4.841513e+00
273	0.04	4.772800e+00
274	0.04	4.705062e+00
275	0.04	4.638286e+00
276	0.04	4.572457e+00
277	0.04	4.507563e+00
278	0.04	4.443589e+00
279	0.04	4.380524e+00
280	0.04	4.318354e+00
281	0.04	4.257066e+00
282	0.04	4.196647e+00
283	0.04	4.137087e+00
284	0.04	4.078371e+00
285	0.04	4.020489e+00
286	0.04	3.963428e+00
287	0.04	3.907178e+00
288	0.04	3.851725e+00
289	0.04	3.797060e+00
290	0.04	3.743170e+00
291	0.04	3.690045e+00
292	0.04	3.637674e+00
293	0.04	3.586047e+00
294	0.04	3.535152e+00
295	0.04	3.484980e+00
296	0.04	3.435519e+00
297	0.04	3.386761e+00
298	0.04	3.338694e+00
299	0.04	3.291310e+00
300	0.04	3.244598e+00
301	0.05	3.198549e+00
302	0.04	3.153154e+00
303	0.04	3.108403e+00
304	0.04	3.064287e+00
305	0.04	3.020797e+00
306	0.04	2.977925e+00
307	0.04	2.935661e+00
308	0.05	2.893996e+00
309	0.04	2.852924e+00
310	0.04	2.812434e+00
311	0.04	2.772518e+00
312	0.04	2.733169e+00
313	0.04	2.694379e+00
314	0.04	2.656139e+00
315	0.04	2.618442e+00
316	0.04	2.581280e+00
317	0.04	2.544645e+00
318	0.05	2.508530e+00
319	0.04	2.472928e+00
320	0.04	2.437831e+00
321	0.04	2.403232e+00
322	0.04	2.369125e+00
323	0.04	2.335501e+00
324	0.04	2.302354e+00
325	0.04	2.269678e+00
326	0.04	2.237466e+00
327	0.04	2.205711e+00
328	0.04	2.174406e+00
329	0.04	2.143546e+00
330	0.04	2.113124e+00
331	0.05	2.083134e+00
332	0.06	2.053569e+00
333	0.04	2.024424e+00
334	0.04	1.995692e+00
335	0.04	1.967368e+00
336	0.04	1.939446e+00
337	0.04	1.911921e+00
338	0.05	1.884786e+00
339	0.04	1.858036e+00
340	0.04	1.831666e+00
341	0.04	1.805670e+00
342	0.05	1.780043e+00
343	0.05	1.754780e+00
344	0.04	1.729876e+00
345	0.05	1.705324e+00
346	0.04	1.681122e+00
347	0.04	1.657262e+00
348	0.04	1.633742e+00
349	0.04	1.610555e+00
350	0.04	1.587697e+00
351	0.04	1.565164e+00
352	0.04	1.542950e+00
353	0.04	1.521052e+00
354	0.04	1.499465e+00
355	0.04	1.478184e+00
356	0.04	1.457205e+00
357	0.04	1.436523e+00
358	0.04	1.416135e+00
359	0.04	1.396037e+00
360	0.04	1.376224e+00
361	0.04	1.356692e+00
362	0.04	1.337437e+00
363	0.04	1.318455e+00
364	0.04	1.299743e+00
365	0.04	1.281297e+00
366	0.04	1.263112e+00
367	0.04	1.245185e+00
368	0.04	1.227513e+00
369	0.04	1.210092e+00
370	0.04	1.192918e+00
371	0.04	1.175987e+00
372	0.04	1.159297e+00
373	0.04	1.142844e+00
374	0.04	1.126624e+00
375	0.04	1.110634e+00
376	0.04	1.094872e+00
377	0.04	1.079333e+00
378	0.04	1.064014e+00
379	0.04	1.048913e+00
380	0.04	1.034027e+00
381	0.04	1.019351e+00
382	0.05	1.004884e+00
383	0.04	9.906225e-01
384	0.04	9.765631e-01
385	0.04	9.627033e-01
386	0.04	9.490401e-01
387	0.04	9.355709e-01
388	0.04	9.222929e-01
389	0.04	9.092033e-01
390	0.06	8.962994e-01
391	0.05	8.835788e-01
392	0.04	8.710386e-01
393	0.04	8.586764e-01
394	0.04	8.464897e-01
395	0.04	8.344759e-01
396	0.04	8.226327e-01
397	0.04	8.109575e-01
398	0.04	7.994480e-01
399	0.04	7.881019e-01
400	0.05	7.769168e-01
401	0.04	7.658904e-01
402	0.05	7.550205e-01
403	0.05	7.443049e-01
404	0.04	7.337414e-01
405	0.04	7.233278e-01
406	0.04	7.130620e-01
407	0.04	7.029419e-01
408	0.04	6.929654e-01
409	0.04	6.831305e-01
410	0.04	6.734352e-01
411	0.04	6.638775e-01
412	0.04	6.544555e-01
413	0.04	6.451672e-01
414	0.04	6.360106e-01
415	0.05	6.269841e-01
416	0.05	6.180856e-01
417	0.05	6.093135e-01
418	0.04	6.006658e-01
419	0.04	5.921409e-01
420	0.06	5.837370e-01
421	0.04	5.754523e-01
422	0.04	5.672852e-01
423	0.04	5.592341e-01
424	0.04	5.512971e-01
425	0.04	5.434729e-01
426	0.04	5.357597e-01
427	0.05	5.281559e-01
428	0.04	5.206601e-01
429	0.05	5.132706e-01
430	0.04	5.059861e-01
431	0.04	4.988049e-01
432	0.04	4.917256e-01
433	0.05	4.847468e-01
434	0.04	4.778671e-01
435	0.04	4.710850e-01
436	0.04	4.643991e-01
437	0.04	4.578081e-01
438	0.04	4.513107e-01
439	0.04	4.449055e-01
440	0.05	4.385912e-01
441	0.04	4.323665e-01
442	0.04	4.262302e-01
443	0.06	4.201809e-01
444	0.05	4.142175e-01
445	0.04	4.083387e-01
446	0.05	4.025434e-01
447	0.05	3.968303e-01
448	0.05	3.911983e-01
449	0.05	3.856463e-01
450	0.05	3.801730e-01
451	0.14	3.747774e-01
452	0.05	3.694584e-01
453	0.04	3.642149e-01
454	0.04	3.590458e-01
455	0.04	3.539500e-01
456	0.05	3.489266e-01
457	0.04	3.439745e-01
458	0.04	3.390926e-01
459	0.04	3.342801e-01
460	0.04	3.295358e-01
461	0.04	3.248589e-01
462	0.04	3.202483e-01
463	0.04	3.157032e-01
464	0.04	3.112226e-01
465	0.04	3.068056e-01
466	0.04	3.024513e-01
467	0.04	2.981588e-01
468	0.04	2.939272e-01
469	0.04	2.897556e-01
470	0.04	2.856433e-01
471	0.04	2.815893e-01
472	0.04	2.775928e-01
473	0.04	2.736531e-01
474	0.04	2.697693e-01
475	0.04	2.659406e-01
476	0.04	2.621663e-01
477	0.04	2.584455e-01
478	0.04	2.547775e-01
479	0.04	2.511616e-01
480	0.04	2.475970e-01
481	0.04	2.440830e-01
482	0.04	2.406188e-01
483	0.03	2.372039e-01
484	0.04	2.338374e-01
485	0.04	2.305186e-01
486	0.04	2.272470e-01
487	0.04	2.240218e-01
488	0.04	2.208424e-01
489	0.04	2.177081e-01
490	0.04	2.146183e-01
491	0.05	2.115723e-01
492	0.04	2.085696e-01
493	0.04	2.056095e-01
494	0.04	2.026914e-01
495	0.04	1.998147e-01
496	0.04	1.969788e-01
497	0.04	1.941832e-01
498	0.04	1.914273e-01
499	0.04	1.887104e-01
