#DiseaseAUCs	BiologicalProcessAUCs
0.725618	nan
0.682191	nan
0.674893	nan
0.634842	nan
0.691132	nan
0.619515	nan
0.659839	nan
0.700347	nan
0.685385	nan
0.695375	nan
0.690950	nan
0.680412	nan
0.686069	nan
0.655460	nan
0.655323	nan
0.653134	nan
0.656281	nan
0.610574	nan
0.653088	nan
0.614269	nan
0.695146	nan
0.636028	nan
0.671061	nan
0.696925	nan
0.650990	nan
0.614953	nan
0.679181	nan
0.705547	nan
0.719506	nan
0.665405	nan
0.625855	nan
0.656236	nan
0.680504	nan
0.671700	nan
0.711067	nan
0.630782	nan
0.705456	nan
0.724569	nan
0.660478	nan
0.669464	nan
0.627452	nan
0.681051	nan
0.695557	nan
0.719277	nan
0.660706	nan
0.629550	nan
0.682693	nan
0.640270	nan
0.719688	nan
0.674254	nan
