#DiseaseAUCs	BiologicalProcessAUCs
0.601077	nan
0.662656	nan
0.586640	nan
0.628115	nan
0.653685	nan
0.618776	nan
0.597162	nan
0.576730	nan
0.621712	nan
0.628563	nan
0.619612	nan
0.673831	nan
0.631092	nan
0.631051	nan
0.583948	nan
0.648424	nan
0.627299	nan
0.691285	nan
0.603768	nan
0.640512	nan
0.638065	nan
0.601811	nan
0.624240	nan
0.596509	nan
0.611924	nan
0.628441	nan
0.635578	nan
0.667428	nan
0.625790	nan
0.649484	nan
0.552588	nan
0.616370	nan
0.632478	nan
0.629624	nan
0.605848	nan
0.625709	nan
0.595367	nan
0.600057	nan
0.625138	nan
0.628074	nan
0.607071	nan
0.593573	nan
0.593818	nan
0.608662	nan
0.557971	nan
0.625280	nan
0.621875	nan
0.654541	nan
0.643938	nan
0.685576	nan
