#DiseaseAUCs	BiologicalProcessAUCs
0.628645	nan
0.646752	nan
0.645732	nan
0.642388	nan
0.676665	nan
0.665144	nan
0.650952	nan
0.708087	nan
0.661841	nan
0.626402	nan
0.652013	nan
0.631173	nan
0.642551	nan
0.678602	nan
0.663309	nan
0.653154	nan
0.649199	nan
0.724603	nan
0.657477	nan
0.681008	nan
0.660577	nan
0.670160	nan
0.653685	nan
0.737613	nan
0.648505	nan
0.664288	nan
0.649362	nan
0.697239	nan
0.632397	nan
0.664573	nan
0.646385	nan
0.636801	nan
0.700909	nan
0.665470	nan
0.700807	nan
0.629583	nan
0.702296	nan
0.641002	nan
0.666735	nan
0.657069	nan
0.680845	nan
0.672811	nan
0.682721	nan
0.642572	nan
0.624485	nan
0.632274	nan
0.676889	nan
0.635251	nan
0.705314	nan
0.672811	nan
