#Iter	Time	Change
0	0.01	1.487792e+03
1	0.01	7.441260e+02
2	0.01	5.127824e+02
3	0.01	4.131129e+02
4	0.01	3.130136e+02
5	0.01	2.503633e+02
6	0.01	1.954353e+02
7	0.01	1.585004e+02
8	0.01	1.268085e+02
9	0.01	1.049452e+02
10	0.01	8.592165e+01
11	0.01	7.246086e+01
12	0.01	6.040513e+01
13	0.01	5.176811e+01
14	0.01	4.380089e+01
15	0.01	3.805509e+01
16	0.01	3.259381e+01
17	0.01	2.864409e+01
18	0.01	2.478920e+01
19	0.01	2.200432e+01
20	0.01	1.920990e+01
21	0.01	1.719749e+01
22	0.01	1.513967e+01
23	0.01	1.367402e+01
24	0.01	1.211945e+01
25	0.01	1.099043e+01
26	0.01	9.759312e+00
27	0.01	8.866692e+00
28	0.01	7.885108e+00
29	0.01	7.178101e+00
30	0.01	6.394208e+00
31	0.01	5.834135e+00
32	0.01	5.206664e+00
33	0.01	4.762825e+00
34	0.01	4.259427e+00
35	0.01	3.906923e+00
36	0.01	3.501909e+00
37	0.01	3.221085e+00
38	0.01	2.894128e+00
39	0.01	2.669776e+00
40	0.01	2.404882e+00
41	0.01	2.224974e+00
42	0.01	2.009432e+00
43	0.01	1.864601e+00
44	0.01	1.688518e+00
45	0.01	1.571378e+00
46	0.01	1.426900e+00
47	0.01	1.331676e+00
48	0.01	1.212609e+00
49	0.01	1.134816e+00
50	0.01	1.036267e+00
51	0.01	9.723612e-01
52	0.01	8.904661e-01
53	0.01	8.376829e-01
54	0.01	7.693145e-01
55	0.01	7.254786e-01
56	0.01	6.681612e-01
57	0.01	6.315528e-01
58	0.01	5.833039e-01
59	0.01	5.525668e-01
60	0.01	5.117853e-01
61	0.01	4.858365e-01
62	0.01	4.512357e-01
63	0.01	4.292085e-01
64	0.01	3.997426e-01
65	0.01	3.809485e-01
66	0.01	3.557667e-01
67	0.01	3.396561e-01
68	0.01	3.180619e-01
69	0.01	3.041842e-01
70	0.01	2.856100e-01
71	0.01	2.736069e-01
72	0.01	2.575880e-01
73	0.01	2.471676e-01
74	0.01	2.333111e-01
75	0.01	2.242156e-01
76	0.01	2.121824e-01
77	0.01	2.042012e-01
78	0.01	1.937182e-01
79	0.01	1.866849e-01
80	0.01	1.775206e-01
81	0.01	1.712982e-01
82	0.01	1.632636e-01
83	0.01	1.577383e-01
84	0.01	1.506738e-01
85	0.01	1.457505e-01
86	0.01	1.395218e-01
87	0.01	1.351198e-01
88	0.01	1.296127e-01
89	0.01	1.256648e-01
90	0.01	1.207824e-01
91	0.01	1.172308e-01
92	0.01	1.128903e-01
93	0.01	1.096848e-01
94	0.01	1.058154e-01
95	0.01	1.029137e-01
96	0.01	9.945464e-02
97	0.01	9.682033e-02
98	0.01	9.371922e-02
99	0.01	9.132085e-02
100	0.01	8.853270e-02
101	0.01	8.634301e-02
102	0.01	8.382901e-02
103	0.01	8.182430e-02
104	0.01	7.955085e-02
105	0.01	7.771055e-02
106	0.01	7.564854e-02
107	0.01	7.395464e-02
108	0.01	7.207886e-02
109	0.01	7.051565e-02
110	0.01	6.880424e-02
111	0.01	6.735800e-02
112	0.01	6.579196e-02
113	0.01	6.445060e-02
114	0.01	6.301336e-02
115	0.01	6.176629e-02
116	0.01	6.044343e-02
117	0.01	5.928130e-02
118	0.01	5.806023e-02
119	0.01	5.697479e-02
120	0.01	5.584450e-02
121	0.01	5.482845e-02
122	0.01	5.377925e-02
123	0.01	5.282610e-02
124	0.01	5.184953e-02
125	0.01	5.095350e-02
126	0.01	5.004208e-02
127	0.01	4.919801e-02
128	0.01	4.834522e-02
129	0.01	4.754860e-02
130	0.01	4.674871e-02
131	0.01	4.599549e-02
132	0.01	4.524344e-02
133	0.01	4.453002e-02
134	0.01	4.382136e-02
135	0.01	4.314450e-02
136	0.01	4.247527e-02
137	0.01	4.183207e-02
138	0.01	4.119876e-02
139	0.01	4.058662e-02
140	0.01	3.998612e-02
141	0.01	3.940269e-02
142	0.01	3.883223e-02
143	0.01	3.827539e-02
144	0.01	3.773252e-02
145	0.01	3.720035e-02
146	0.01	3.668285e-02
147	0.01	3.617362e-02
148	0.01	3.567953e-02
149	0.01	3.519168e-02
150	0.01	3.471923e-02
151	0.01	3.425133e-02
152	0.01	3.379895e-02
153	0.01	3.334971e-02
154	0.01	3.291597e-02
155	0.01	3.248420e-02
156	0.01	3.206783e-02
157	0.01	3.165245e-02
158	0.01	3.125228e-02
159	0.01	3.085233e-02
160	0.01	3.046732e-02
161	0.01	3.008188e-02
162	0.01	2.971109e-02
163	0.01	2.933933e-02
164	0.01	2.898188e-02
165	0.01	2.862305e-02
166	0.01	2.827816e-02
167	0.01	2.793155e-02
168	0.01	2.759850e-02
169	0.01	2.726347e-02
170	0.01	2.694160e-02
171	0.01	2.661755e-02
172	0.01	2.630626e-02
173	0.01	2.599264e-02
174	0.01	2.569139e-02
175	0.01	2.538768e-02
176	0.01	2.509595e-02
177	0.01	2.480169e-02
178	0.01	2.451901e-02
179	0.01	2.423373e-02
180	0.01	2.395967e-02
181	0.01	2.368299e-02
182	0.01	2.341714e-02
183	0.01	2.314865e-02
184	0.01	2.289065e-02
185	0.01	2.262999e-02
186	0.01	2.237948e-02
187	0.01	2.212634e-02
188	0.01	2.188299e-02
189	0.01	2.163703e-02
190	0.01	2.140056e-02
191	0.01	2.116149e-02
192	0.01	2.093160e-02
193	0.01	2.069914e-02
194	0.01	2.047557e-02
195	0.01	2.024945e-02
196	0.01	2.003195e-02
197	0.01	1.981194e-02
198	0.01	1.960028e-02
199	0.01	1.938614e-02
200	0.01	1.918009e-02
201	0.01	1.897160e-02
202	0.01	1.877096e-02
203	0.01	1.856790e-02
204	0.01	1.837247e-02
205	0.01	1.817466e-02
206	0.01	1.798425e-02
207	0.01	1.779150e-02
208	0.01	1.760594e-02
209	0.01	1.741807e-02
210	0.01	1.723719e-02
211	0.01	1.705403e-02
212	0.01	1.687767e-02
213	0.01	1.669906e-02
214	0.01	1.652708e-02
215	0.01	1.635287e-02
216	0.01	1.618511e-02
217	0.01	1.601515e-02
218	0.01	1.585148e-02
219	0.01	1.568564e-02
220	0.01	1.552593e-02
221	0.01	1.536407e-02
222	0.01	1.520820e-02
223	0.01	1.505020e-02
224	0.01	1.489804e-02
225	0.01	1.474378e-02
226	0.01	1.459523e-02
227	0.01	1.444459e-02
228	0.01	1.429953e-02
229	0.01	1.415240e-02
230	0.01	1.401073e-02
231	0.01	1.386701e-02
232	0.01	1.372862e-02
233	0.01	1.358821e-02
234	0.01	1.345302e-02
235	0.01	1.331581e-02
236	0.01	1.318372e-02
237	0.01	1.304963e-02
238	0.01	1.292056e-02
239	0.01	1.278949e-02
240	0.01	1.266334e-02
241	0.01	1.253522e-02
242	0.01	1.241192e-02
243	0.01	1.228664e-02
244	0.01	1.216611e-02
245	0.01	1.204362e-02
246	0.01	1.192578e-02
247	0.01	1.180599e-02
248	0.01	1.169076e-02
249	0.01	1.157360e-02
250	0.01	1.146092e-02
251	0.01	1.134632e-02
252	0.01	1.123612e-02
253	0.01	1.112401e-02
254	0.01	1.101622e-02
255	0.01	1.090653e-02
256	0.01	1.080110e-02
257	0.01	1.069376e-02
258	0.01	1.059062e-02
259	0.01	1.048559e-02
260	0.01	1.038468e-02
261	0.01	1.028188e-02
262	0.01	1.018314e-02
263	0.01	1.008253e-02
264	0.01	9.985907e-03
265	0.01	9.887417e-03
266	0.01	9.792863e-03
267	0.01	9.696446e-03
268	0.01	9.603905e-03
269	0.01	9.509509e-03
270	0.01	9.418932e-03
271	0.01	9.326507e-03
272	0.01	9.237843e-03
273	0.01	9.147341e-03
274	0.01	9.060545e-03
275	0.01	8.971919e-03
276	0.01	8.886945e-03
277	0.01	8.800149e-03
278	0.01	8.716953e-03
279	0.01	8.631943e-03
280	0.01	8.550482e-03
281	0.01	8.467216e-03
282	0.01	8.387448e-03
283	0.01	8.305884e-03
284	0.01	8.227770e-03
285	0.01	8.147867e-03
286	0.01	8.071367e-03
287	0.01	7.993087e-03
288	0.01	7.918164e-03
289	0.01	7.841469e-03
290	0.01	7.768085e-03
291	0.01	7.692938e-03
292	0.01	7.621057e-03
293	0.01	7.547424e-03
294	0.01	7.477012e-03
295	0.01	7.404856e-03
296	0.01	7.335879e-03
297	0.01	7.265168e-03
298	0.01	7.197593e-03
299	0.01	7.128293e-03
300	0.01	7.062088e-03
301	0.01	6.994169e-03
302	0.01	6.929303e-03
303	0.01	6.862732e-03
304	0.01	6.799175e-03
305	0.01	6.733923e-03
306	0.01	6.671645e-03
307	0.01	6.607684e-03
308	0.01	6.546656e-03
309	0.01	6.483955e-03
310	0.01	6.424150e-03
311	0.01	6.362684e-03
312	0.01	6.304074e-03
313	0.01	6.243814e-03
314	0.01	6.186374e-03
315	0.01	6.127294e-03
316	0.01	6.070997e-03
317	0.01	6.013071e-03
318	0.01	5.957893e-03
319	0.01	5.901097e-03
320	0.01	5.847013e-03
321	0.01	5.791323e-03
322	0.01	5.738308e-03
323	0.01	5.683700e-03
324	0.01	5.631732e-03
325	0.01	5.578183e-03
326	0.01	5.527239e-03
327	0.01	5.474726e-03
328	0.01	5.424785e-03
329	0.01	5.373286e-03
330	0.01	5.324326e-03
331	0.01	5.273820e-03
332	0.01	5.225819e-03
333	0.01	5.176285e-03
334	0.01	5.129224e-03
335	0.01	5.080642e-03
336	0.01	5.034500e-03
337	0.01	4.986850e-03
338	0.01	4.941608e-03
339	0.01	4.894870e-03
340	0.01	4.850509e-03
341	0.01	4.804665e-03
342	0.01	4.761166e-03
343	0.01	4.716197e-03
344	0.01	4.673542e-03
345	0.01	4.629431e-03
346	0.01	4.587603e-03
347	0.01	4.544330e-03
348	0.01	4.503312e-03
349	0.01	4.460862e-03
350	0.01	4.420636e-03
351	0.01	4.378991e-03
352	0.01	4.339541e-03
353	0.01	4.298686e-03
354	0.01	4.259996e-03
355	0.01	4.219914e-03
356	0.01	4.181968e-03
357	0.01	4.142644e-03
358	0.01	4.105427e-03
359	0.01	4.066845e-03
360	0.01	4.030342e-03
361	0.01	3.992487e-03
362	0.01	3.956683e-03
363	0.01	3.919541e-03
364	0.01	3.884423e-03
365	0.01	3.847979e-03
366	0.01	3.813532e-03
367	0.01	3.777772e-03
368	0.01	3.743983e-03
369	0.01	3.708894e-03
370	0.01	3.675748e-03
371	0.01	3.641317e-03
372	0.01	3.608802e-03
373	0.01	3.575015e-03
374	0.01	3.543119e-03
375	0.01	3.509964e-03
376	0.01	3.478674e-03
377	0.01	3.446137e-03
378	0.01	3.415441e-03
379	0.01	3.383511e-03
380	0.01	3.353396e-03
381	0.01	3.322062e-03
382	0.01	3.292517e-03
383	0.01	3.261766e-03
384	0.01	3.232780e-03
385	0.01	3.202601e-03
386	0.01	3.174162e-03
387	0.01	3.144543e-03
388	0.01	3.116642e-03
389	0.01	3.087573e-03
390	0.01	3.060197e-03
391	0.01	3.031667e-03
392	0.01	3.004806e-03
393	0.01	2.976805e-03
394	0.01	2.950450e-03
395	0.01	2.922966e-03
396	0.01	2.897106e-03
397	0.01	2.870131e-03
398	0.01	2.844757e-03
399	0.01	2.818280e-03
400	0.01	2.793382e-03
401	0.01	2.767394e-03
402	0.01	2.742962e-03
403	0.01	2.717453e-03
404	0.01	2.693478e-03
405	0.01	2.668439e-03
406	0.01	2.644913e-03
407	0.01	2.620336e-03
408	0.01	2.597249e-03
409	0.01	2.573123e-03
410	0.01	2.550468e-03
411	0.01	2.526786e-03
412	0.01	2.504553e-03
413	0.01	2.481306e-03
414	0.01	2.459487e-03
415	0.01	2.436667e-03
416	0.01	2.415254e-03
417	0.01	2.392852e-03
418	0.01	2.371839e-03
419	0.01	2.349847e-03
420	0.01	2.329224e-03
421	0.01	2.307635e-03
422	0.01	2.287395e-03
423	0.01	2.266201e-03
424	0.01	2.246336e-03
425	0.01	2.225530e-03
426	0.01	2.206034e-03
427	0.01	2.185608e-03
428	0.01	2.166473e-03
429	0.01	2.146420e-03
430	0.01	2.127640e-03
431	0.01	2.107952e-03
432	0.01	2.089519e-03
433	0.01	2.070191e-03
434	0.01	2.052099e-03
435	0.01	2.033123e-03
436	0.01	2.015365e-03
437	0.01	1.996734e-03
438	0.01	1.979304e-03
439	0.01	1.961013e-03
440	0.01	1.943904e-03
441	0.01	1.925945e-03
442	0.01	1.909152e-03
443	0.01	1.891520e-03
444	0.01	1.875036e-03
445	0.01	1.857724e-03
446	0.01	1.841543e-03
447	0.01	1.824545e-03
448	0.01	1.808663e-03
449	0.01	1.791973e-03
450	0.01	1.776382e-03
451	0.01	1.759996e-03
452	0.01	1.744691e-03
453	0.01	1.728601e-03
454	0.01	1.713578e-03
455	0.01	1.697779e-03
456	0.01	1.683031e-03
457	0.01	1.667519e-03
458	0.01	1.653041e-03
459	0.01	1.637810e-03
460	0.01	1.623597e-03
461	0.01	1.608641e-03
462	0.01	1.594689e-03
463	0.01	1.580003e-03
464	0.01	1.566306e-03
465	0.01	1.551885e-03
466	0.01	1.538439e-03
467	0.01	1.524279e-03
468	0.01	1.511078e-03
469	0.01	1.497173e-03
470	0.01	1.484214e-03
471	0.01	1.470559e-03
472	0.01	1.457836e-03
473	0.01	1.444428e-03
474	0.01	1.431937e-03
475	0.01	1.418771e-03
476	0.01	1.406508e-03
477	0.01	1.393578e-03
478	0.01	1.381539e-03
479	0.01	1.368842e-03
480	0.01	1.357021e-03
481	0.01	1.344553e-03
482	0.01	1.332948e-03
483	0.01	1.320704e-03
484	0.01	1.309309e-03
485	0.01	1.297285e-03
486	0.01	1.286098e-03
487	0.01	1.274290e-03
488	0.01	1.263306e-03
489	0.01	1.251710e-03
490	0.01	1.240926e-03
491	0.01	1.229538e-03
492	0.01	1.218949e-03
493	0.01	1.207766e-03
494	0.01	1.197369e-03
495	0.01	1.186386e-03
496	0.01	1.176178e-03
497	0.01	1.165392e-03
498	0.01	1.155368e-03
499	0.01	1.144775e-03
