#Iter	Time	Change
0	0.06	5.068042e+03
1	0.02	1.591438e+03
2	0.02	1.011902e+03
3	0.02	6.717879e+02
4	0.02	5.231969e+02
5	0.02	4.195397e+02
6	0.02	3.636171e+02
7	0.02	3.198913e+02
8	0.02	2.904833e+02
9	0.03	2.655969e+02
10	0.06	2.459298e+02
11	0.03	2.285970e+02
12	0.02	2.137342e+02
13	0.02	2.004134e+02
14	0.02	1.885954e+02
15	0.02	1.779301e+02
16	0.02	1.683365e+02
17	0.02	1.596466e+02
18	0.02	1.517786e+02
19	0.02	1.446299e+02
20	0.02	1.381291e+02
21	0.02	1.322031e+02
22	0.02	1.267926e+02
23	0.02	1.218417e+02
24	0.02	1.173022e+02
25	0.02	1.131302e+02
26	0.02	1.092871e+02
27	0.02	1.057380e+02
28	0.02	1.024523e+02
29	0.02	9.940223e+01
30	0.02	9.656350e+01
31	0.02	9.391427e+01
32	0.04	9.143517e+01
33	0.03	8.910896e+01
34	0.03	8.692031e+01
35	0.02	8.485560e+01
36	0.02	8.290273e+01
37	0.02	8.105091e+01
38	0.02	7.929057e+01
39	0.02	7.761319e+01
40	0.03	7.601119e+01
41	0.02	7.447783e+01
42	0.02	7.300710e+01
43	0.02	7.159364e+01
44	0.02	7.023269e+01
45	0.02	6.892000e+01
46	0.02	6.765177e+01
47	0.02	6.642460e+01
48	0.02	6.523546e+01
49	0.02	6.408165e+01
50	0.02	6.296073e+01
51	0.02	6.187052e+01
52	0.02	6.080908e+01
53	0.03	5.977462e+01
54	0.03	5.876559e+01
55	0.02	5.778054e+01
56	0.02	5.681819e+01
57	0.02	5.587738e+01
58	0.02	5.495704e+01
59	0.02	5.405622e+01
60	0.03	5.317404e+01
61	0.03	5.230972e+01
62	0.03	5.146252e+01
63	0.03	5.063178e+01
64	0.03	4.981689e+01
65	0.03	4.901729e+01
66	0.03	4.823245e+01
67	0.03	4.746191e+01
68	0.03	4.670522e+01
69	0.02	4.596196e+01
70	0.02	4.523175e+01
71	0.02	4.451423e+01
72	0.02	4.380907e+01
73	0.02	4.311594e+01
74	0.02	4.243455e+01
75	0.02	4.176463e+01
76	0.02	4.110590e+01
77	0.02	4.045810e+01
78	0.02	3.982101e+01
79	0.02	3.919440e+01
80	0.02	3.857803e+01
81	0.02	3.797171e+01
82	0.02	3.737524e+01
83	0.02	3.678841e+01
84	0.02	3.621105e+01
85	0.02	3.564298e+01
86	0.02	3.508402e+01
87	0.02	3.453401e+01
88	0.02	3.399278e+01
89	0.02	3.346018e+01
90	0.02	3.293605e+01
91	0.02	3.242025e+01
92	0.03	3.191263e+01
93	0.04	3.141306e+01
94	0.03	3.092138e+01
95	0.03	3.043748e+01
96	0.03	2.996122e+01
97	0.02	2.949247e+01
98	0.02	2.903112e+01
99	0.02	2.857702e+01
100	0.02	2.813008e+01
101	0.02	2.769016e+01
102	0.02	2.725716e+01
103	0.02	2.683096e+01
104	0.02	2.641145e+01
105	0.02	2.599853e+01
106	0.02	2.559209e+01
107	0.02	2.519203e+01
108	0.02	2.479823e+01
109	0.02	2.441061e+01
110	0.02	2.402907e+01
111	0.03	2.365350e+01
112	0.02	2.328381e+01
113	0.02	2.291991e+01
114	0.03	2.256171e+01
115	0.03	2.220912e+01
116	0.03	2.186205e+01
117	0.03	2.152040e+01
118	0.03	2.118411e+01
119	0.02	2.085307e+01
120	0.02	2.052721e+01
121	0.02	2.020645e+01
122	0.02	1.989071e+01
123	0.02	1.957990e+01
124	0.02	1.927396e+01
125	0.02	1.897279e+01
126	0.02	1.867634e+01
127	0.02	1.838452e+01
128	0.02	1.809726e+01
129	0.02	1.781450e+01
130	0.02	1.753615e+01
131	0.02	1.726216e+01
132	0.02	1.699245e+01
133	0.02	1.672695e+01
134	0.02	1.646560e+01
135	0.02	1.620834e+01
136	0.02	1.595510e+01
137	0.02	1.570581e+01
138	0.02	1.546043e+01
139	0.02	1.521887e+01
140	0.02	1.498109e+01
141	0.02	1.474703e+01
142	0.02	1.451662e+01
143	0.02	1.428982e+01
144	0.02	1.406656e+01
145	0.02	1.384679e+01
146	0.02	1.363045e+01
147	0.02	1.341749e+01
148	0.02	1.320786e+01
149	0.02	1.300150e+01
150	0.02	1.279837e+01
151	0.02	1.259842e+01
152	0.02	1.240158e+01
153	0.02	1.220783e+01
154	0.02	1.201710e+01
155	0.02	1.182935e+01
156	0.02	1.164453e+01
157	0.02	1.146260e+01
158	0.02	1.128352e+01
159	0.02	1.110723e+01
160	0.02	1.093369e+01
161	0.02	1.076287e+01
162	0.02	1.059472e+01
163	0.02	1.042919e+01
164	0.02	1.026625e+01
165	0.02	1.010586e+01
166	0.02	9.947968e+00
167	0.02	9.792547e+00
168	0.02	9.639553e+00
169	0.02	9.488950e+00
170	0.02	9.340700e+00
171	0.02	9.194767e+00
172	0.02	9.051113e+00
173	0.02	8.909703e+00
174	0.02	8.770503e+00
175	0.02	8.633478e+00
176	0.02	8.498594e+00
177	0.02	8.365817e+00
178	0.02	8.235114e+00
179	0.02	8.106454e+00
180	0.02	7.979803e+00
181	0.03	7.855131e+00
182	0.02	7.732408e+00
183	0.02	7.611601e+00
184	0.03	7.492682e+00
185	0.02	7.375621e+00
186	0.02	7.260388e+00
187	0.02	7.146957e+00
188	0.02	7.035297e+00
189	0.02	6.925382e+00
190	0.02	6.817184e+00
191	0.02	6.710676e+00
192	0.02	6.605833e+00
193	0.02	6.502627e+00
194	0.02	6.401034e+00
195	0.02	6.301028e+00
196	0.02	6.202585e+00
197	0.02	6.105679e+00
198	0.02	6.010288e+00
199	0.02	5.916387e+00
200	0.03	5.823953e+00
201	0.03	5.732963e+00
202	0.03	5.643395e+00
203	0.03	5.555226e+00
204	0.04	5.468434e+00
205	0.03	5.382999e+00
206	0.03	5.298898e+00
207	0.03	5.216111e+00
208	0.03	5.134618e+00
209	0.03	5.054398e+00
210	0.03	4.975431e+00
211	0.03	4.897698e+00
212	0.02	4.821179e+00
213	0.02	4.745856e+00
214	0.02	4.671710e+00
215	0.02	4.598722e+00
216	0.02	4.526874e+00
217	0.02	4.456149e+00
218	0.02	4.386529e+00
219	0.02	4.317997e+00
220	0.02	4.250535e+00
221	0.03	4.184127e+00
222	0.02	4.118757e+00
223	0.02	4.054408e+00
224	0.02	3.991064e+00
225	0.02	3.928711e+00
226	0.02	3.867331e+00
227	0.02	3.806910e+00
228	0.02	3.747433e+00
229	0.02	3.688886e+00
230	0.02	3.631253e+00
231	0.02	3.574520e+00
232	0.02	3.518674e+00
233	0.02	3.463701e+00
234	0.02	3.409586e+00
235	0.02	3.356317e+00
236	0.02	3.303880e+00
237	0.02	3.252262e+00
238	0.02	3.201450e+00
239	0.02	3.151433e+00
240	0.02	3.102197e+00
241	0.02	3.053730e+00
242	0.02	3.006020e+00
243	0.02	2.959056e+00
244	0.02	2.912826e+00
245	0.02	2.867318e+00
246	0.02	2.822520e+00
247	0.02	2.778423e+00
248	0.02	2.735015e+00
249	0.02	2.692285e+00
250	0.02	2.650222e+00
251	0.02	2.608816e+00
252	0.02	2.568058e+00
253	0.02	2.527936e+00
254	0.03	2.488441e+00
255	0.03	2.449563e+00
256	0.02	2.411293e+00
257	0.03	2.373620e+00
258	0.03	2.336536e+00
259	0.03	2.300032e+00
260	0.02	2.264097e+00
261	0.02	2.228725e+00
262	0.02	2.193904e+00
263	0.02	2.159628e+00
264	0.03	2.125887e+00
265	0.03	2.092674e+00
266	0.03	2.059979e+00
267	0.03	2.027795e+00
268	0.03	1.996114e+00
269	0.02	1.964928e+00
270	0.02	1.934230e+00
271	0.02	1.904010e+00
272	0.02	1.874263e+00
273	0.03	1.844981e+00
274	0.03	1.816156e+00
275	0.03	1.787782e+00
276	0.03	1.759850e+00
277	0.02	1.732356e+00
278	0.02	1.705290e+00
279	0.02	1.678648e+00
280	0.02	1.652422e+00
281	0.02	1.626605e+00
282	0.02	1.601192e+00
283	0.02	1.576176e+00
284	0.02	1.551551e+00
285	0.02	1.527310e+00
286	0.02	1.503449e+00
287	0.02	1.479960e+00
288	0.02	1.456838e+00
289	0.02	1.434077e+00
290	0.02	1.411672e+00
291	0.02	1.389617e+00
292	0.02	1.367906e+00
293	0.02	1.346535e+00
294	0.02	1.325498e+00
295	0.02	1.304789e+00
296	0.02	1.284404e+00
297	0.02	1.264337e+00
298	0.02	1.244584e+00
299	0.02	1.225139e+00
300	0.02	1.205998e+00
301	0.02	1.187156e+00
302	0.02	1.168609e+00
303	0.02	1.150351e+00
304	0.02	1.132379e+00
305	0.02	1.114687e+00
306	0.02	1.097272e+00
307	0.02	1.080129e+00
308	0.02	1.063254e+00
309	0.02	1.046642e+00
310	0.02	1.030290e+00
311	0.02	1.014194e+00
312	0.02	9.983484e-01
313	0.02	9.827508e-01
314	0.02	9.673969e-01
315	0.02	9.522829e-01
316	0.02	9.374050e-01
317	0.02	9.227596e-01
318	0.02	9.083430e-01
319	0.02	8.941516e-01
320	0.02	8.801819e-01
321	0.02	8.664305e-01
322	0.02	8.528939e-01
323	0.02	8.395688e-01
324	0.02	8.264519e-01
325	0.02	8.135399e-01
326	0.02	8.008297e-01
327	0.02	7.883180e-01
328	0.02	7.760018e-01
329	0.02	7.638780e-01
330	0.02	7.519437e-01
331	0.02	7.401958e-01
332	0.02	7.286314e-01
333	0.02	7.172477e-01
334	0.02	7.060419e-01
335	0.02	6.950111e-01
336	0.02	6.841527e-01
337	0.02	6.734639e-01
338	0.02	6.629421e-01
339	0.02	6.525847e-01
340	0.02	6.423891e-01
341	0.02	6.323529e-01
342	0.02	6.224734e-01
343	0.02	6.127482e-01
344	0.02	6.031750e-01
345	0.02	5.937514e-01
346	0.02	5.844750e-01
347	0.02	5.753435e-01
348	0.02	5.663547e-01
349	0.02	5.575063e-01
350	0.02	5.487962e-01
351	0.02	5.402221e-01
352	0.02	5.317820e-01
353	0.02	5.234738e-01
354	0.02	5.152954e-01
355	0.03	5.072447e-01
356	0.02	4.993198e-01
357	0.02	4.915188e-01
358	0.02	4.838396e-01
359	0.02	4.762804e-01
360	0.02	4.688393e-01
361	0.02	4.615144e-01
362	0.02	4.543040e-01
363	0.02	4.472062e-01
364	0.02	4.402193e-01
365	0.02	4.333416e-01
366	0.02	4.265714e-01
367	0.02	4.199069e-01
368	0.02	4.133465e-01
369	0.02	4.068886e-01
370	0.02	4.005317e-01
371	0.02	3.942740e-01
372	0.02	3.881141e-01
373	0.02	3.820504e-01
374	0.02	3.760815e-01
375	0.02	3.702059e-01
376	0.02	3.644220e-01
377	0.02	3.587285e-01
378	0.02	3.531239e-01
379	0.02	3.476069e-01
380	0.02	3.421761e-01
381	0.02	3.368302e-01
382	0.02	3.315678e-01
383	0.02	3.263876e-01
384	0.02	3.212883e-01
385	0.02	3.162687e-01
386	0.02	3.113275e-01
387	0.02	3.064635e-01
388	0.02	3.016755e-01
389	0.02	2.969623e-01
390	0.02	2.923228e-01
391	0.02	2.877557e-01
392	0.02	2.832600e-01
393	0.02	2.788345e-01
394	0.02	2.744781e-01
395	0.02	2.701899e-01
396	0.02	2.659686e-01
397	0.02	2.618133e-01
398	0.02	2.577228e-01
399	0.02	2.536963e-01
400	0.02	2.497328e-01
401	0.02	2.458311e-01
402	0.02	2.419904e-01
403	0.02	2.382097e-01
404	0.02	2.344880e-01
405	0.02	2.308245e-01
406	0.02	2.272183e-01
407	0.02	2.236683e-01
408	0.02	2.201739e-01
409	0.02	2.167340e-01
410	0.02	2.133479e-01
411	0.02	2.100147e-01
412	0.03	2.067335e-01
413	0.03	2.035037e-01
414	0.03	2.003243e-01
415	0.03	1.971945e-01
416	0.03	1.941137e-01
417	0.02	1.910810e-01
418	0.02	1.880956e-01
419	0.02	1.851569e-01
420	0.02	1.822642e-01
421	0.02	1.794166e-01
422	0.02	1.766135e-01
423	0.03	1.738542e-01
424	0.03	1.711380e-01
425	0.03	1.684642e-01
426	0.03	1.658323e-01
427	0.03	1.632414e-01
428	0.03	1.606910e-01
429	0.03	1.581805e-01
430	0.03	1.557092e-01
431	0.03	1.532765e-01
432	0.03	1.508818e-01
433	0.03	1.485245e-01
434	0.02	1.462040e-01
435	0.03	1.439198e-01
436	0.02	1.416713e-01
437	0.02	1.394579e-01
438	0.02	1.372791e-01
439	0.02	1.351343e-01
440	0.02	1.330231e-01
441	0.02	1.309448e-01
442	0.02	1.288990e-01
443	0.02	1.268852e-01
444	0.02	1.249028e-01
445	0.02	1.229514e-01
446	0.02	1.210305e-01
447	0.02	1.191396e-01
448	0.02	1.172782e-01
449	0.02	1.154459e-01
450	0.02	1.136423e-01
451	0.02	1.118668e-01
452	0.02	1.101191e-01
453	0.02	1.083986e-01
454	0.02	1.067051e-01
455	0.02	1.050380e-01
456	0.03	1.033969e-01
457	0.02	1.017815e-01
458	0.02	1.001913e-01
459	0.02	9.862602e-02
460	0.03	9.708515e-02
461	0.03	9.556835e-02
462	0.03	9.407525e-02
463	0.03	9.260548e-02
464	0.03	9.115867e-02
465	0.03	8.973446e-02
466	0.03	8.833250e-02
467	0.02	8.695245e-02
468	0.03	8.559396e-02
469	0.03	8.425669e-02
470	0.02	8.294032e-02
471	0.03	8.164451e-02
472	0.02	8.036894e-02
473	0.02	7.911331e-02
474	0.02	7.787729e-02
475	0.02	7.666059e-02
476	0.02	7.546289e-02
477	0.03	7.428390e-02
478	0.03	7.312334e-02
479	0.03	7.198090e-02
480	0.03	7.085632e-02
481	0.03	6.974930e-02
482	0.02	6.865958e-02
483	0.02	6.758689e-02
484	0.02	6.653095e-02
485	0.02	6.549151e-02
486	0.02	6.446831e-02
487	0.02	6.346110e-02
488	0.03	6.246962e-02
489	0.03	6.149364e-02
490	0.02	6.053290e-02
491	0.02	5.958717e-02
492	0.02	5.865621e-02
493	0.02	5.773981e-02
494	0.02	5.683772e-02
495	0.02	5.594972e-02
496	0.02	5.507559e-02
497	0.02	5.421513e-02
498	0.02	5.336810e-02
499	0.02	5.253431e-02
