#DiseaseAUCs	BiologicalProcessAUCs
0.691163	nan
0.650789	nan
0.613311	nan
0.624689	nan
0.712654	nan
0.647241	nan
0.647078	nan
0.684067	nan
0.648138	nan
0.648709	nan
0.632784	nan
0.645243	nan
0.657069	nan
0.696056	nan
0.672362	nan
0.635618	nan
0.638310	nan
0.699523	nan
0.607377	nan
0.653685	nan
0.656702	nan
0.654704	nan
0.671098	nan
0.669222	nan
0.600628	nan
0.646548	nan
0.674442	nan
0.640961	nan
0.697892	nan
0.590229	nan
0.673382	nan
0.683414	nan
0.647934	nan
0.642429	nan
0.655316	nan
0.569757	nan
0.700298	nan
0.644305	nan
0.600995	nan
0.694017	nan
0.727295	nan
0.647241	nan
0.671710	nan
0.626361	nan
0.637617	nan
0.646507	nan
0.692101	nan
0.630072	nan
0.681457	nan
0.698707	nan
