#Iter	Time	Change
0	0.31	1.871093e+03
1	0.04	8.843224e+02
2	0.02	7.095823e+02
3	0.02	5.702854e+02
4	0.03	5.054506e+02
5	0.04	4.255672e+02
6	0.04	3.823963e+02
7	0.07	3.274633e+02
8	0.03	2.961942e+02
9	0.04	2.570619e+02
10	0.03	2.338381e+02
11	0.03	2.054550e+02
12	0.03	1.879701e+02
13	0.04	1.671138e+02
14	0.04	1.538208e+02
15	0.03	1.383299e+02
16	0.05	1.281422e+02
17	0.03	1.165292e+02
18	0.03	1.086655e+02
19	0.03	9.988539e+01
20	0.04	9.377609e+01
21	0.07	8.708511e+01
22	0.04	8.230912e+01
23	0.03	7.717083e+01
24	0.03	7.341365e+01
25	0.03	6.943700e+01
26	0.03	6.646173e+01
27	0.05	6.335911e+01
28	0.04	6.098611e+01
29	0.11	5.854436e+01
30	0.07	5.663665e+01
31	0.08	5.469679e+01
32	0.04	5.314954e+01
33	0.03	5.159235e+01
34	0.04	5.032502e+01
35	0.06	4.906069e+01
36	0.05	4.801128e+01
37	0.05	4.697189e+01
38	0.05	4.609253e+01
39	0.03	4.522655e+01
40	0.02	4.448023e+01
41	0.05	4.374842e+01
42	0.16	4.310651e+01
43	0.03	4.247892e+01
44	0.03	4.191920e+01
45	0.03	4.137291e+01
46	0.03	4.087812e+01
47	0.03	4.039555e+01
48	0.08	3.995229e+01
49	0.04	3.951992e+01
50	0.06	3.911774e+01
51	0.07	3.872516e+01
52	0.05	3.835592e+01
53	0.04	3.799507e+01
54	0.03	3.765241e+01
55	0.07	3.731707e+01
56	0.07	3.699603e+01
57	0.04	3.668134e+01
58	0.04	3.637802e+01
59	0.03	3.608024e+01
60	0.04	3.579158e+01
61	0.04	3.550777e+01
62	0.03	3.523137e+01
63	0.03	3.495923e+01
64	0.03	3.469318e+01
65	0.04	3.443090e+01
66	0.03	3.417371e+01
67	0.04	3.391988e+01
68	0.02	3.367036e+01
69	0.03	3.342385e+01
70	0.03	3.318104e+01
71	0.03	3.294097e+01
72	0.03	3.270412e+01
73	0.03	3.246978e+01
74	0.03	3.223828e+01
75	0.03	3.200909e+01
76	0.03	3.178245e+01
77	0.02	3.155795e+01
78	0.02	3.133578e+01
79	0.02	3.111560e+01
80	0.04	3.089756e+01
81	0.02	3.068141e+01
82	0.03	3.046724e+01
83	0.05	3.025485e+01
84	0.02	3.004433e+01
85	0.03	2.983551e+01
86	0.06	2.962844e+01
87	0.03	2.942301e+01
88	0.03	2.921925e+01
89	0.03	2.901707e+01
90	0.03	2.881648e+01
91	0.03	2.861741e+01
92	0.03	2.841988e+01
93	0.02	2.822382e+01
94	0.02	2.802925e+01
95	0.02	2.783611e+01
96	0.03	2.764441e+01
97	0.02	2.745411e+01
98	0.02	2.726520e+01
99	0.03	2.707766e+01
100	0.02	2.689148e+01
101	0.03	2.670663e+01
102	0.03	2.652311e+01
103	0.03	2.634090e+01
104	0.03	2.615998e+01
105	0.03	2.598035e+01
106	0.02	2.580199e+01
107	0.03	2.562489e+01
108	0.02	2.544903e+01
109	0.02	2.527441e+01
110	0.02	2.510102e+01
111	0.03	2.492883e+01
112	0.02	2.475785e+01
113	0.02	2.458806e+01
114	0.02	2.441945e+01
115	0.02	2.425202e+01
116	0.02	2.408575e+01
117	0.02	2.392063e+01
118	0.03	2.375666e+01
119	0.02	2.359382e+01
120	0.02	2.343211e+01
121	0.02	2.327151e+01
122	0.02	2.311203e+01
123	0.02	2.295365e+01
124	0.02	2.279636e+01
125	0.02	2.264015e+01
126	0.02	2.248503e+01
127	0.02	2.233097e+01
128	0.02	2.217797e+01
129	0.02	2.202602e+01
130	0.02	2.187512e+01
131	0.02	2.172526e+01
132	0.02	2.157643e+01
133	0.02	2.142862e+01
134	0.02	2.128183e+01
135	0.02	2.113605e+01
136	0.03	2.099126e+01
137	0.02	2.084747e+01
138	0.02	2.070467e+01
139	0.02	2.056285e+01
140	0.02	2.042200e+01
141	0.02	2.028212e+01
142	0.02	2.014320e+01
143	0.02	2.000523e+01
144	0.02	1.986821e+01
145	0.02	1.973213e+01
146	0.03	1.959698e+01
147	0.03	1.946276e+01
148	0.02	1.932946e+01
149	0.02	1.919707e+01
150	0.02	1.906559e+01
151	0.02	1.893501e+01
152	0.03	1.880533e+01
153	0.02	1.867653e+01
154	0.02	1.854862e+01
155	0.02	1.842158e+01
156	0.05	1.829542e+01
157	0.02	1.817012e+01
158	0.02	1.804567e+01
159	0.02	1.792209e+01
160	0.02	1.779934e+01
161	0.02	1.767744e+01
162	0.02	1.755637e+01
163	0.02	1.743614e+01
164	0.02	1.731672e+01
165	0.03	1.719813e+01
166	0.02	1.708035e+01
167	0.03	1.696337e+01
168	0.03	1.684720e+01
169	0.02	1.673182e+01
170	0.02	1.661723e+01
171	0.02	1.650343e+01
172	0.02	1.639040e+01
173	0.02	1.627815e+01
174	0.02	1.616667e+01
175	0.02	1.605595e+01
176	0.02	1.594599e+01
177	0.02	1.583679e+01
178	0.03	1.572833e+01
179	0.02	1.562062e+01
180	0.02	1.551364e+01
181	0.03	1.540739e+01
182	0.03	1.530188e+01
183	0.03	1.519708e+01
184	0.03	1.509301e+01
185	0.03	1.498964e+01
186	0.03	1.488699e+01
187	0.03	1.478503e+01
188	0.02	1.468378e+01
189	0.03	1.458322e+01
190	0.02	1.448335e+01
191	0.03	1.438416e+01
192	0.02	1.428565e+01
193	0.02	1.418782e+01
194	0.02	1.409065e+01
195	0.02	1.399415e+01
196	0.02	1.389831e+01
197	0.02	1.380313e+01
198	0.02	1.370860e+01
199	0.03	1.361472e+01
200	0.02	1.352148e+01
201	0.02	1.342888e+01
202	0.02	1.333691e+01
203	0.02	1.324558e+01
204	0.02	1.315487e+01
205	0.02	1.306478e+01
206	0.02	1.297530e+01
207	0.03	1.288644e+01
208	0.02	1.279819e+01
209	0.02	1.271054e+01
210	0.02	1.262350e+01
211	0.03	1.253705e+01
212	0.03	1.245119e+01
213	0.02	1.236592e+01
214	0.02	1.228123e+01
215	0.02	1.219712e+01
216	0.02	1.211359e+01
217	0.02	1.203063e+01
218	0.02	1.194824e+01
219	0.02	1.186642e+01
220	0.03	1.178515e+01
221	0.03	1.170444e+01
222	0.02	1.162428e+01
223	0.02	1.154468e+01
224	0.02	1.146561e+01
225	0.02	1.138709e+01
226	0.03	1.130911e+01
227	0.02	1.123166e+01
228	0.02	1.115474e+01
229	0.02	1.107835e+01
230	0.02	1.100248e+01
231	0.02	1.092713e+01
232	0.02	1.085230e+01
233	0.02	1.077798e+01
234	0.02	1.070416e+01
235	0.02	1.063086e+01
236	0.02	1.055805e+01
237	0.02	1.048575e+01
238	0.02	1.041394e+01
239	0.02	1.034262e+01
240	0.02	1.027179e+01
241	0.03	1.020144e+01
242	0.02	1.013158e+01
243	0.03	1.006219e+01
244	0.03	9.993284e+00
245	0.03	9.924846e+00
246	0.03	9.856877e+00
247	0.03	9.789373e+00
248	0.02	9.722331e+00
249	0.02	9.655749e+00
250	0.02	9.589622e+00
251	0.02	9.523949e+00
252	0.02	9.458725e+00
253	0.02	9.393948e+00
254	0.02	9.329614e+00
255	0.02	9.265721e+00
256	0.02	9.202266e+00
257	0.02	9.139245e+00
258	0.02	9.076656e+00
259	0.02	9.014495e+00
260	0.02	8.952760e+00
261	0.02	8.891448e+00
262	0.03	8.830556e+00
263	0.03	8.770081e+00
264	0.02	8.710020e+00
265	0.03	8.650370e+00
266	0.02	8.591129e+00
267	0.02	8.532293e+00
268	0.02	8.473861e+00
269	0.02	8.415828e+00
270	0.02	8.358193e+00
271	0.02	8.300953e+00
272	0.02	8.244105e+00
273	0.02	8.187646e+00
274	0.02	8.131574e+00
275	0.02	8.075885e+00
276	0.02	8.020578e+00
277	0.03	7.965650e+00
278	0.02	7.911098e+00
279	0.03	7.856920e+00
280	0.02	7.803113e+00
281	0.02	7.749674e+00
282	0.03	7.696601e+00
283	0.02	7.643891e+00
284	0.02	7.591543e+00
285	0.02	7.539553e+00
286	0.02	7.487919e+00
287	0.03	7.436639e+00
288	0.03	7.385710e+00
289	0.02	7.335130e+00
290	0.03	7.284896e+00
291	0.02	7.235006e+00
292	0.02	7.185457e+00
293	0.02	7.136249e+00
294	0.02	7.087377e+00
295	0.02	7.038839e+00
296	0.02	6.990635e+00
297	0.02	6.942760e+00
298	0.02	6.895213e+00
299	0.03	6.847992e+00
300	0.02	6.801094e+00
301	0.02	6.754518e+00
302	0.02	6.708260e+00
303	0.04	6.662319e+00
304	0.02	6.616693e+00
305	0.02	6.571379e+00
306	0.03	6.526376e+00
307	0.03	6.481680e+00
308	0.02	6.437291e+00
309	0.02	6.393206e+00
310	0.02	6.349423e+00
311	0.02	6.305939e+00
312	0.02	6.262754e+00
313	0.02	6.219864e+00
314	0.02	6.177268e+00
315	0.02	6.134963e+00
316	0.02	6.092949e+00
317	0.02	6.051222e+00
318	0.02	6.009781e+00
319	0.02	5.968623e+00
320	0.02	5.927748e+00
321	0.02	5.887152e+00
322	0.02	5.846834e+00
323	0.02	5.806793e+00
324	0.02	5.767026e+00
325	0.02	5.727531e+00
326	0.03	5.688306e+00
327	0.02	5.649351e+00
328	0.02	5.610662e+00
329	0.02	5.572237e+00
330	0.02	5.534077e+00
331	0.02	5.496177e+00
332	0.02	5.458537e+00
333	0.02	5.421155e+00
334	0.02	5.384028e+00
335	0.02	5.347156e+00
336	0.02	5.310537e+00
337	0.02	5.274168e+00
338	0.02	5.238049e+00
339	0.02	5.202176e+00
340	0.02	5.166550e+00
341	0.02	5.131167e+00
342	0.02	5.096027e+00
343	0.02	5.061127e+00
344	0.02	5.026467e+00
345	0.03	4.992043e+00
346	0.03	4.957856e+00
347	0.03	4.923902e+00
348	0.03	4.890182e+00
349	0.02	4.856692e+00
350	0.02	4.823431e+00
351	0.02	4.790398e+00
352	0.02	4.757592e+00
353	0.02	4.725010e+00
354	0.02	4.692651e+00
355	0.02	4.660514e+00
356	0.02	4.628597e+00
357	0.03	4.596898e+00
358	0.02	4.565417e+00
359	0.05	4.534151e+00
360	0.03	4.503099e+00
361	0.03	4.472260e+00
362	0.03	4.441633e+00
363	0.03	4.411214e+00
364	0.03	4.381005e+00
365	0.03	4.351002e+00
366	0.02	4.321204e+00
367	0.02	4.291611e+00
368	0.02	4.262220e+00
369	0.02	4.233031e+00
370	0.03	4.204041e+00
371	0.02	4.175250e+00
372	0.02	4.146657e+00
373	0.02	4.118259e+00
374	0.02	4.090055e+00
375	0.02	4.062045e+00
376	0.02	4.034226e+00
377	0.02	4.006598e+00
378	0.02	3.979160e+00
379	0.02	3.951909e+00
380	0.02	3.924844e+00
381	0.02	3.897966e+00
382	0.02	3.871271e+00
383	0.03	3.844759e+00
384	0.02	3.818428e+00
385	0.02	3.792278e+00
386	0.03	3.766307e+00
387	0.03	3.740514e+00
388	0.02	3.714897e+00
389	0.02	3.689456e+00
390	0.02	3.664189e+00
391	0.03	3.639095e+00
392	0.03	3.614173e+00
393	0.03	3.589422e+00
394	0.03	3.564840e+00
395	0.03	3.540427e+00
396	0.03	3.516181e+00
397	0.03	3.492100e+00
398	0.03	3.468185e+00
399	0.03	3.444434e+00
400	0.03	3.420845e+00
401	0.03	3.397417e+00
402	0.02	3.374151e+00
403	0.02	3.351043e+00
404	0.02	3.328094e+00
405	0.02	3.305302e+00
406	0.03	3.282666e+00
407	0.03	3.260185e+00
408	0.03	3.237857e+00
409	0.02	3.215683e+00
410	0.02	3.193661e+00
411	0.03	3.171790e+00
412	0.03	3.150068e+00
413	0.03	3.128495e+00
414	0.03	3.107070e+00
415	0.02	3.085791e+00
416	0.03	3.064659e+00
417	0.03	3.043671e+00
418	0.03	3.022826e+00
419	0.03	3.002125e+00
420	0.02	2.981565e+00
421	0.03	2.961146e+00
422	0.03	2.940867e+00
423	0.03	2.920727e+00
424	0.02	2.900724e+00
425	0.02	2.880859e+00
426	0.02	2.861130e+00
427	0.02	2.841536e+00
428	0.02	2.822076e+00
429	0.02	2.802749e+00
430	0.02	2.783555e+00
431	0.03	2.764492e+00
432	0.03	2.745559e+00
433	0.03	2.726757e+00
434	0.03	2.708083e+00
435	0.02	2.689537e+00
436	0.02	2.671118e+00
437	0.03	2.652825e+00
438	0.03	2.634657e+00
439	0.03	2.616614e+00
440	0.03	2.598694e+00
441	0.03	2.580897e+00
442	0.03	2.563222e+00
443	0.04	2.545668e+00
444	0.03	2.528235e+00
445	0.02	2.510920e+00
446	0.03	2.493724e+00
447	0.02	2.476646e+00
448	0.02	2.459685e+00
449	0.02	2.442840e+00
450	0.03	2.426111e+00
451	0.03	2.409496e+00
452	0.03	2.392995e+00
453	0.03	2.376607e+00
454	0.03	2.360331e+00
455	0.03	2.344166e+00
456	0.03	2.328112e+00
457	0.03	2.312168e+00
458	0.03	2.296334e+00
459	0.03	2.280608e+00
460	0.03	2.264989e+00
461	0.04	2.249477e+00
462	0.03	2.234072e+00
463	0.03	2.218772e+00
464	0.02	2.203577e+00
465	0.04	2.188486e+00
466	0.04	2.173499e+00
467	0.03	2.158614e+00
468	0.03	2.143831e+00
469	0.03	2.129149e+00
470	0.02	2.114568e+00
471	0.02	2.100086e+00
472	0.03	2.085704e+00
473	0.03	2.071420e+00
474	0.03	2.057234e+00
475	0.02	2.043145e+00
476	0.02	2.029153e+00
477	0.02	2.015257e+00
478	0.02	2.001455e+00
479	0.03	1.987749e+00
480	0.03	1.974136e+00
481	0.03	1.960616e+00
482	0.03	1.947189e+00
483	0.03	1.933854e+00
484	0.03	1.920610e+00
485	0.03	1.907457e+00
486	0.03	1.894394e+00
487	0.02	1.881420e+00
488	0.02	1.868536e+00
489	0.02	1.855739e+00
490	0.02	1.843030e+00
491	0.02	1.830408e+00
492	0.02	1.817873e+00
493	0.02	1.805424e+00
494	0.02	1.793059e+00
495	0.02	1.780780e+00
496	0.02	1.768584e+00
497	0.02	1.756472e+00
498	0.02	1.744443e+00
499	0.02	1.732497e+00
