#Iter	Time	Change
0	0.01	3.166922e+02
1	0.00	2.196812e+02
2	0.00	1.624179e+02
3	0.00	1.388560e+02
4	0.00	1.241734e+02
5	0.00	1.113279e+02
6	0.00	1.062034e+02
7	0.00	9.690110e+01
8	0.00	9.513408e+01
9	0.00	8.803741e+01
10	0.00	8.751668e+01
11	0.00	8.197994e+01
12	0.00	8.181876e+01
13	0.00	7.729031e+01
14	0.00	7.705190e+01
15	0.00	7.329953e+01
16	0.00	7.284487e+01
17	0.00	6.969036e+01
18	0.00	6.904226e+01
19	0.00	6.633238e+01
20	0.00	6.555477e+01
21	0.00	6.317892e+01
22	0.00	6.232066e+01
23	0.00	6.019665e+01
24	0.00	5.928686e+01
25	0.00	5.736505e+01
26	0.00	5.642161e+01
27	0.00	5.467192e+01
28	0.00	5.371017e+01
29	0.00	5.210664e+01
30	0.00	5.113914e+01
31	0.00	4.966147e+01
32	0.00	4.870032e+01
33	0.00	4.733296e+01
34	0.00	4.638906e+01
35	0.00	4.511772e+01
36	0.00	4.419731e+01
37	0.00	4.300978e+01
38	0.00	4.211583e+01
39	0.00	4.100349e+01
40	0.00	4.013770e+01
41	0.00	3.909276e+01
42	0.00	3.825709e+01
43	0.00	3.727320e+01
44	0.00	3.646843e+01
45	0.00	3.554036e+01
46	0.00	3.476672e+01
47	0.00	3.389009e+01
48	0.00	3.314757e+01
49	0.00	3.231874e+01
50	0.00	3.160648e+01
51	0.00	3.082199e+01
52	0.00	3.013919e+01
53	0.00	2.939606e+01
54	0.00	2.874193e+01
55	0.00	2.803751e+01
56	0.00	2.741119e+01
57	0.00	2.674307e+01
58	0.00	2.614363e+01
59	0.00	2.550960e+01
60	0.01	2.493611e+01
61	0.00	2.433413e+01
62	0.00	2.378566e+01
63	0.00	2.321387e+01
64	0.00	2.268945e+01
65	0.00	2.214618e+01
66	0.00	2.164483e+01
67	0.00	2.112847e+01
68	0.00	2.064928e+01
69	0.00	2.015833e+01
70	0.00	1.970041e+01
71	0.00	1.923347e+01
72	0.00	1.879595e+01
73	0.00	1.835173e+01
74	0.00	1.793376e+01
75	0.00	1.751104e+01
76	0.00	1.711183e+01
77	0.00	1.670946e+01
78	0.00	1.632821e+01
79	0.00	1.594511e+01
80	0.00	1.558104e+01
81	0.00	1.521622e+01
82	0.00	1.486859e+01
83	0.00	1.452113e+01
84	0.00	1.418920e+01
85	0.00	1.385822e+01
86	0.00	1.354132e+01
87	0.00	1.322598e+01
88	0.01	1.292344e+01
89	0.00	1.262297e+01
90	0.00	1.233415e+01
91	0.00	1.204782e+01
92	0.00	1.177211e+01
93	0.00	1.149922e+01
94	0.00	1.123603e+01
95	0.00	1.097592e+01
96	0.00	1.072469e+01
97	0.00	1.047674e+01
98	0.00	1.023694e+01
99	0.00	1.000055e+01
100	0.00	9.771662e+00
101	0.00	9.546279e+00
102	0.00	9.327814e+00
103	0.00	9.112909e+00
104	0.00	8.904393e+00
105	0.00	8.699463e+00
106	0.00	8.500447e+00
107	0.00	8.305014e+00
108	0.00	8.115067e+00
109	0.00	7.928680e+00
110	0.00	7.747390e+00
111	0.00	7.569618e+00
112	0.00	7.396593e+00
113	0.00	7.227028e+00
114	0.00	7.061892e+00
115	0.00	6.900146e+00
116	0.00	6.742539e+00
117	0.00	6.588243e+00
118	0.00	6.437823e+00
119	0.00	6.290627e+00
120	0.00	6.147065e+00
121	0.00	6.006636e+00
122	0.00	5.869620e+00
123	0.00	5.735640e+00
124	0.00	5.604872e+00
125	0.00	5.477039e+00
126	0.00	5.352232e+00
127	0.00	5.230260e+00
128	0.00	5.111143e+00
129	0.00	4.994757e+00
130	0.00	4.881070e+00
131	0.00	4.770011e+00
132	0.00	4.661505e+00
133	0.00	4.555526e+00
134	0.00	4.451964e+00
135	0.00	4.350828e+00
136	0.00	4.251984e+00
137	0.00	4.155467e+00
138	0.00	4.061125e+00
139	0.00	3.969013e+00
140	0.00	3.878967e+00
141	0.00	3.791056e+00
142	0.00	3.705110e+00
143	0.00	3.621205e+00
144	0.00	3.539171e+00
145	0.00	3.459088e+00
146	0.00	3.380786e+00
147	0.00	3.304348e+00
148	0.00	3.229608e+00
149	0.00	3.156648e+00
150	0.00	3.085307e+00
151	0.01	3.015664e+00
152	0.00	2.947566e+00
153	0.00	2.881088e+00
154	0.00	2.816084e+00
155	0.00	2.752625e+00
156	0.00	2.690574e+00
157	0.00	2.629995e+00
158	0.00	2.570762e+00
159	0.00	2.512931e+00
160	0.00	2.456387e+00
161	0.00	2.401178e+00
162	0.00	2.347199e+00
163	0.00	2.294492e+00
164	0.00	2.242962e+00
165	0.00	2.192642e+00
166	0.00	2.143448e+00
167	0.00	2.095405e+00
168	0.00	2.048441e+00
169	0.00	2.002572e+00
170	0.00	1.957735e+00
171	0.00	1.913939e+00
172	0.00	1.871132e+00
173	0.00	1.829316e+00
174	0.00	1.788447e+00
175	0.00	1.748519e+00
176	0.00	1.709498e+00
177	0.00	1.671373e+00
178	0.00	1.634117e+00
179	0.00	1.597711e+00
180	0.00	1.562138e+00
181	0.00	1.527375e+00
182	0.00	1.493409e+00
183	0.00	1.460211e+00
184	0.00	1.427779e+00
185	0.00	1.396077e+00
186	0.00	1.365108e+00
187	0.00	1.334832e+00
188	0.00	1.305260e+00
189	0.00	1.276347e+00
190	0.00	1.248107e+00
191	0.00	1.220494e+00
192	0.00	1.193526e+00
193	0.00	1.167154e+00
194	0.00	1.141400e+00
195	0.00	1.116212e+00
196	0.00	1.091617e+00
197	0.00	1.067559e+00
198	0.00	1.044070e+00
199	0.00	1.021091e+00
200	0.00	9.986578e-01
201	0.00	9.767087e-01
202	0.00	9.552829e-01
203	0.00	9.343169e-01
204	0.00	9.138526e-01
205	0.00	8.938251e-01
206	0.00	8.742786e-01
207	0.00	8.551470e-01
208	0.00	8.364766e-01
209	0.00	8.182001e-01
210	0.00	8.003659e-01
211	0.00	7.829058e-01
212	0.00	7.658698e-01
213	0.00	7.491890e-01
214	0.00	7.329149e-01
215	0.00	7.169782e-01
216	0.00	7.014314e-01
217	0.00	6.862050e-01
218	0.00	6.713524e-01
219	0.00	6.568042e-01
220	0.00	6.426144e-01
221	0.00	6.287135e-01
222	0.00	6.151564e-01
223	0.00	6.018737e-01
224	0.00	5.889205e-01
225	0.00	5.762279e-01
226	0.00	5.638513e-01
227	0.00	5.517222e-01
228	0.00	5.398961e-01
229	0.00	5.283050e-01
230	0.00	5.170043e-01
231	0.00	5.059269e-01
232	0.00	4.951279e-01
233	0.00	4.845410e-01
234	0.00	4.742210e-01
235	0.00	4.641024e-01
236	0.00	4.542398e-01
237	0.00	4.445684e-01
238	0.00	4.351424e-01
239	0.00	4.258980e-01
240	0.00	4.168889e-01
241	0.00	4.080523e-01
242	0.00	3.994412e-01
243	0.00	3.909940e-01
244	0.00	3.827630e-01
245	0.00	3.746876e-01
246	0.00	3.668195e-01
247	0.00	3.590993e-01
248	0.00	3.515777e-01
249	0.00	3.441966e-01
250	0.00	3.370060e-01
251	0.00	3.299488e-01
252	0.00	3.230741e-01
253	0.00	3.163262e-01
254	0.00	3.097533e-01
255	0.00	3.033008e-01
256	0.00	2.970161e-01
257	0.00	2.908457e-01
258	0.00	2.848362e-01
259	0.00	2.789354e-01
260	0.00	2.731886e-01
261	0.00	2.675452e-01
262	0.00	2.620495e-01
263	0.00	2.566519e-01
264	0.00	2.513959e-01
265	0.00	2.462331e-01
266	0.00	2.412061e-01
267	0.00	2.362676e-01
268	0.00	2.314593e-01
269	0.00	2.267351e-01
270	0.00	2.221357e-01
271	0.00	2.176162e-01
272	0.00	2.132163e-01
273	0.00	2.088923e-01
274	0.00	2.046830e-01
275	0.00	2.005459e-01
276	0.00	1.965186e-01
277	0.00	1.925599e-01
278	0.00	1.887065e-01
279	0.00	1.849183e-01
280	0.00	1.812311e-01
281	0.00	1.776058e-01
282	0.00	1.740773e-01
283	0.00	1.706077e-01
284	0.00	1.672307e-01
285	0.00	1.639098e-01
286	0.00	1.606778e-01
287	0.00	1.574990e-01
288	0.00	1.544053e-01
289	0.00	1.513623e-01
290	0.00	1.484009e-01
291	0.00	1.454876e-01
292	0.00	1.426526e-01
293	0.00	1.398633e-01
294	0.00	1.371490e-01
295	0.00	1.344782e-01
296	0.00	1.318793e-01
297	0.00	1.293217e-01
298	0.00	1.268330e-01
299	0.00	1.243836e-01
300	0.00	1.220004e-01
301	0.00	1.196544e-01
302	0.00	1.173718e-01
303	0.00	1.151247e-01
304	0.00	1.129384e-01
305	0.00	1.107858e-01
306	0.00	1.086914e-01
307	0.00	1.066292e-01
308	0.00	1.046227e-01
309	0.00	1.026468e-01
310	0.00	1.007244e-01
311	0.00	9.883098e-02
312	0.00	9.698890e-02
313	0.00	9.517442e-02
314	0.00	9.340913e-02
315	0.00	9.167008e-02
316	0.00	8.997821e-02
317	0.00	8.831129e-02
318	0.00	8.668959e-02
319	0.00	8.509164e-02
320	0.00	8.353705e-02
321	0.00	8.200503e-02
322	0.00	8.051460e-02
323	0.00	7.904564e-02
324	0.00	7.761656e-02
325	0.00	7.620789e-02
326	0.00	7.483748e-02
327	0.00	7.348648e-02
328	0.00	7.217216e-02
329	0.00	7.087631e-02
330	0.00	6.961564e-02
331	0.00	6.837255e-02
332	0.00	6.716319e-02
333	0.00	6.597055e-02
334	0.00	6.481027e-02
335	0.00	6.366589e-02
336	0.00	6.255255e-02
337	0.00	6.145434e-02
338	0.00	6.038590e-02
339	0.00	5.933187e-02
340	0.00	5.830638e-02
341	0.00	5.729461e-02
342	0.00	5.631022e-02
343	0.00	5.533887e-02
344	0.00	5.439381e-02
345	0.00	5.346115e-02
346	0.00	5.255371e-02
347	0.00	5.165807e-02
348	0.00	5.078663e-02
349	0.00	4.992642e-02
350	0.00	4.908943e-02
351	0.00	4.826313e-02
352	0.00	4.745910e-02
353	0.00	4.666526e-02
354	0.00	4.589279e-02
355	0.00	4.513002e-02
356	0.00	4.438776e-02
357	0.00	4.365472e-02
358	0.00	4.294137e-02
359	0.00	4.223680e-02
360	0.00	4.155113e-02
361	0.00	4.087383e-02
362	0.00	4.021465e-02
363	0.00	3.956345e-02
364	0.00	3.892965e-02
365	0.00	3.830344e-02
366	0.00	3.769393e-02
367	0.00	3.709166e-02
368	0.00	3.650542e-02
369	0.00	3.592607e-02
370	0.00	3.536212e-02
371	0.00	3.480473e-02
372	0.00	3.426212e-02
373	0.00	3.372576e-02
374	0.00	3.320360e-02
375	0.00	3.268739e-02
376	0.00	3.218482e-02
377	0.00	3.168792e-02
378	0.00	3.120411e-02
379	0.00	3.072571e-02
380	0.00	3.025988e-02
381	0.00	2.979921e-02
382	0.00	2.935062e-02
383	0.00	2.890693e-02
384	0.00	2.847485e-02
385	0.00	2.804745e-02
386	0.00	2.763120e-02
387	0.00	2.721942e-02
388	0.00	2.681834e-02
389	0.00	2.642152e-02
390	0.00	2.603498e-02
391	0.00	2.565251e-02
392	0.00	2.527993e-02
393	0.00	2.491122e-02
394	0.00	2.455201e-02
395	0.00	2.419649e-02
396	0.00	2.385011e-02
397	0.00	2.350725e-02
398	0.00	2.317316e-02
399	0.00	2.284245e-02
400	0.00	2.252016e-02
401	0.00	2.220109e-02
402	0.00	2.189013e-02
403	0.00	2.158224e-02
404	0.00	2.128214e-02
405	0.00	2.098497e-02
406	0.00	2.069529e-02
407	0.00	2.040841e-02
408	0.00	2.012874e-02
409	0.00	1.985174e-02
410	0.00	1.958167e-02
411	0.00	1.931415e-02
412	0.00	1.905330e-02
413	0.00	1.879489e-02
414	0.00	1.854289e-02
415	0.00	1.829322e-02
416	0.00	1.804972e-02
417	0.00	1.780845e-02
418	0.00	1.757311e-02
419	0.00	1.733990e-02
420	0.00	1.711240e-02
421	0.00	1.688694e-02
422	0.00	1.666697e-02
423	0.00	1.644896e-02
424	0.00	1.623623e-02
425	0.00	1.602536e-02
426	0.00	1.581959e-02
427	0.00	1.561560e-02
428	0.00	1.541650e-02
429	0.00	1.521912e-02
430	0.00	1.502646e-02
431	0.00	1.483543e-02
432	0.00	1.464894e-02
433	0.00	1.446402e-02
434	0.00	1.428347e-02
435	0.00	1.410442e-02
436	0.00	1.392958e-02
437	0.00	1.375619e-02
438	0.00	1.358684e-02
439	0.00	1.341888e-02
440	0.00	1.325483e-02
441	0.00	1.309209e-02
442	0.00	1.293312e-02
443	0.00	1.277543e-02
444	0.00	1.262135e-02
445	0.00	1.246850e-02
446	0.00	1.231913e-02
447	0.00	1.217094e-02
448	0.00	1.202611e-02
449	0.00	1.188241e-02
450	0.00	1.174195e-02
451	0.00	1.160257e-02
452	0.00	1.146632e-02
453	0.00	1.133111e-02
454	0.00	1.119891e-02
455	0.00	1.106770e-02
456	0.00	1.093941e-02
457	0.00	1.081207e-02
458	0.00	1.068754e-02
459	0.00	1.056393e-02
460	0.00	1.044302e-02
461	0.00	1.032299e-02
462	0.00	1.020558e-02
463	0.00	1.008902e-02
464	0.00	9.974976e-03
465	0.00	9.861756e-03
466	0.00	9.750960e-03
467	0.00	9.640959e-03
468	0.00	9.533298e-03
469	0.00	9.426402e-03
470	0.00	9.321765e-03
471	0.00	9.217866e-03
472	0.00	9.116146e-03
473	0.00	9.015139e-03
474	0.00	8.916235e-03
475	0.00	8.818019e-03
476	0.00	8.721833e-03
477	0.00	8.626311e-03
478	0.00	8.532751e-03
479	0.00	8.439831e-03
480	0.00	8.348805e-03
481	0.00	8.258398e-03
482	0.00	8.169820e-03
483	0.00	8.081840e-03
484	0.00	7.995628e-03
485	0.00	7.909994e-03
486	0.00	7.826067e-03
487	0.00	7.742700e-03
488	0.00	7.660982e-03
489	0.00	7.579806e-03
490	0.00	7.500224e-03
491	0.00	7.421166e-03
492	0.00	7.343649e-03
493	0.00	7.266640e-03
494	0.00	7.191121e-03
495	0.00	7.116093e-03
496	0.00	7.042505e-03
497	0.00	6.969395e-03
498	0.00	6.897676e-03
499	0.00	6.826421e-03
