#Iter	Time	Change
0	0.00	3.536827e+02
1	0.00	2.526656e+02
2	0.00	2.016216e+02
3	0.00	1.711477e+02
4	0.00	1.567813e+02
5	0.00	1.399657e+02
6	0.00	1.345107e+02
7	0.00	1.232027e+02
8	0.00	1.209062e+02
9	0.00	1.127152e+02
10	0.00	1.115475e+02
11	0.00	1.053473e+02
12	0.00	1.045999e+02
13	0.00	9.987257e+01
14	0.00	9.921999e+01
15	0.00	9.557027e+01
16	0.00	9.486528e+01
17	0.00	9.196966e+01
18	0.00	9.113047e+01
19	0.00	8.875589e+01
20	0.00	8.779001e+01
21	0.00	8.578219e+01
22	0.00	8.472368e+01
23	0.00	8.294304e+01
24	0.00	8.182907e+01
25	0.00	8.019606e+01
26	0.00	7.903592e+01
27	0.00	7.750755e+01
28	0.00	7.632297e+01
29	0.00	7.487444e+01
30	0.00	7.368833e+01
31	0.00	7.230507e+01
32	0.00	7.112115e+01
33	0.00	6.979559e+01
34	0.00	6.862077e+01
35	0.00	6.734845e+01
36	0.00	6.618893e+01
37	0.00	6.496516e+01
38	0.00	6.382694e+01
39	0.00	6.264779e+01
40	0.00	6.153497e+01
41	0.00	6.039790e+01
42	0.00	5.931285e+01
43	0.00	5.821668e+01
44	0.00	5.716082e+01
45	0.00	5.610418e+01
46	0.00	5.508015e+01
47	0.00	5.406076e+01
48	0.00	5.306969e+01
49	0.00	5.208633e+01
50	0.00	5.112842e+01
51	0.00	5.017961e+01
52	0.00	4.925446e+01
53	0.00	4.833961e+01
54	0.00	4.744650e+01
55	0.00	4.656474e+01
56	0.00	4.570299e+01
57	0.00	4.485329e+01
58	0.00	4.402225e+01
59	0.00	4.320359e+01
60	0.00	4.240255e+01
61	0.00	4.161389e+01
62	0.00	4.084206e+01
63	0.00	4.008237e+01
64	0.00	3.933892e+01
65	0.00	3.860726e+01
66	0.00	3.789150e+01
67	0.00	3.718675e+01
68	0.00	3.649772e+01
69	0.00	3.581896e+01
70	0.00	3.515570e+01
71	0.00	3.450241e+01
72	0.00	3.386362e+01
73	0.00	3.323516e+01
74	0.00	3.261973e+01
75	0.00	3.201498e+01
76	0.00	3.142223e+01
77	0.00	3.084024e+01
78	0.00	3.026941e+01
79	0.00	2.970927e+01
80	0.00	2.915952e+01
81	0.00	2.862040e+01
82	0.00	2.809100e+01
83	0.00	2.757206e+01
84	0.00	2.706224e+01
85	0.00	2.656270e+01
86	0.00	2.607175e+01
87	0.00	2.559084e+01
88	0.00	2.511810e+01
89	0.00	2.465508e+01
90	0.00	2.419989e+01
91	0.00	2.375407e+01
92	0.00	2.331577e+01
93	0.00	2.288652e+01
94	0.00	2.246447e+01
95	0.00	2.205114e+01
96	0.00	2.164474e+01
97	0.00	2.124672e+01
98	0.00	2.085541e+01
99	0.00	2.047209e+01
100	0.00	2.009530e+01
101	0.00	1.972613e+01
102	0.00	1.936327e+01
103	0.00	1.900773e+01
104	0.00	1.865828e+01
105	0.00	1.831587e+01
106	0.00	1.797930e+01
107	0.00	1.764954e+01
108	0.00	1.732540e+01
109	0.00	1.700776e+01
110	0.00	1.669557e+01
111	0.00	1.638960e+01
112	0.00	1.608891e+01
113	0.00	1.579417e+01
114	0.00	1.550455e+01
115	0.00	1.522062e+01
116	0.00	1.494165e+01
117	0.00	1.466813e+01
118	0.00	1.439941e+01
119	0.00	1.413590e+01
120	0.00	1.387706e+01
121	0.00	1.362319e+01
122	0.00	1.337385e+01
123	0.00	1.312927e+01
124	0.00	1.288908e+01
125	0.00	1.265343e+01
126	0.00	1.242204e+01
127	0.00	1.219500e+01
128	0.00	1.197209e+01
129	0.00	1.175333e+01
130	0.00	1.153858e+01
131	0.00	1.132780e+01
132	0.01	1.112091e+01
133	0.00	1.091782e+01
134	0.00	1.071849e+01
135	0.00	1.052279e+01
136	0.00	1.033075e+01
137	0.00	1.014218e+01
138	0.00	9.957154e+00
139	0.00	9.775450e+00
140	0.00	9.597175e+00
141	0.00	9.422082e+00
142	0.00	9.250311e+00
143	0.00	9.081585e+00
144	0.00	8.916077e+00
145	0.00	8.753486e+00
146	0.00	8.594009e+00
147	0.00	8.437326e+00
148	0.00	8.283658e+00
149	0.00	8.132667e+00
150	0.00	7.984594e+00
151	0.00	7.839085e+00
152	0.00	7.696400e+00
153	0.00	7.556173e+00
154	0.00	7.418679e+00
155	0.00	7.283540e+00
156	0.00	7.151045e+00
157	0.00	7.020808e+00
158	0.00	6.893129e+00
159	0.00	6.767615e+00
160	0.00	6.644574e+00
161	0.00	6.523610e+00
162	0.00	6.405037e+00
163	0.00	6.288458e+00
164	0.00	6.174189e+00
165	0.00	6.061834e+00
166	0.00	5.951711e+00
167	0.00	5.843426e+00
168	0.00	5.737298e+00
169	0.00	5.632935e+00
170	0.00	5.530655e+00
171	0.00	5.430070e+00
172	0.00	5.331498e+00
173	0.00	5.234554e+00
174	0.00	5.139554e+00
175	0.00	5.046119e+00
176	0.00	4.954560e+00
177	0.00	4.864505e+00
178	0.00	4.776262e+00
179	0.00	4.689465e+00
180	0.00	4.604417e+00
181	0.00	4.520759e+00
182	0.01	4.438789e+00
183	0.00	4.358156e+00
184	0.00	4.279152e+00
185	0.00	4.201435e+00
186	0.00	4.125288e+00
187	0.01	4.050380e+00
188	0.00	3.976988e+00
189	0.00	3.904786e+00
190	0.00	3.834048e+00
191	0.00	3.764455e+00
192	0.00	3.696273e+00
193	0.00	3.629195e+00
194	0.00	3.563477e+00
195	0.00	3.498821e+00
196	0.00	3.435478e+00
197	0.00	3.373157e+00
198	0.00	3.312102e+00
199	0.00	3.252032e+00
200	0.00	3.193181e+00
201	0.00	3.135279e+00
202	0.00	3.078554e+00
203	0.00	3.022742e+00
204	0.00	2.968064e+00
205	0.00	2.914267e+00
206	0.00	2.861562e+00
207	0.00	2.809706e+00
208	0.00	2.758903e+00
209	0.00	2.708918e+00
210	0.00	2.659948e+00
211	0.00	2.611766e+00
212	0.00	2.564562e+00
213	0.00	2.518118e+00
214	0.00	2.472616e+00
215	0.00	2.427847e+00
216	0.00	2.383986e+00
217	0.00	2.340831e+00
218	0.00	2.298551e+00
219	0.00	2.256952e+00
220	0.00	2.216196e+00
221	0.00	2.176096e+00
222	0.00	2.136809e+00
223	0.00	2.098155e+00
224	0.00	2.060283e+00
225	0.00	2.023022e+00
226	0.00	1.986514e+00
227	0.00	1.950595e+00
228	0.00	1.915403e+00
229	0.00	1.880778e+00
230	0.00	1.846853e+00
231	0.00	1.813476e+00
232	0.00	1.780773e+00
233	0.00	1.748596e+00
234	0.00	1.717073e+00
235	0.00	1.686054e+00
236	0.00	1.655667e+00
237	0.00	1.625764e+00
238	0.00	1.596472e+00
239	0.00	1.567645e+00
240	0.00	1.539408e+00
241	0.00	1.511619e+00
242	0.00	1.484398e+00
243	0.00	1.457609e+00
244	0.00	1.431367e+00
245	0.00	1.405542e+00
246	0.00	1.380244e+00
247	0.00	1.355348e+00
248	0.00	1.330959e+00
249	0.00	1.306959e+00
250	0.00	1.283447e+00
251	0.00	1.260310e+00
252	0.00	1.237643e+00
253	0.00	1.215339e+00
254	0.00	1.193486e+00
255	0.00	1.171983e+00
256	0.00	1.150916e+00
257	0.00	1.130187e+00
258	0.00	1.109876e+00
259	0.00	1.089892e+00
260	0.00	1.070311e+00
261	0.00	1.051045e+00
262	0.00	1.032167e+00
263	0.00	1.013594e+00
264	0.00	9.953937e-01
265	0.00	9.774876e-01
266	0.00	9.599411e-01
267	0.00	9.426784e-01
268	0.00	9.257617e-01
269	0.00	9.091191e-01
270	0.00	8.928095e-01
271	0.00	8.767646e-01
272	0.00	8.610404e-01
273	0.00	8.455717e-01
274	0.00	8.304116e-01
275	0.00	8.154982e-01
276	0.00	8.008820e-01
277	0.00	7.865041e-01
278	0.00	7.724121e-01
279	0.00	7.585502e-01
280	0.00	7.449636e-01
281	0.00	7.315991e-01
282	0.00	7.184997e-01
283	0.00	7.056147e-01
284	0.00	6.929849e-01
285	0.00	6.805622e-01
286	0.00	6.683851e-01
287	0.00	6.564079e-01
288	0.00	6.446672e-01
289	0.01	6.331195e-01
290	0.00	6.217996e-01
291	0.00	6.106659e-01
292	0.00	5.997515e-01
293	0.00	5.890169e-01
294	0.00	5.784934e-01
295	0.00	5.681436e-01
296	0.00	5.579970e-01
297	0.00	5.480180e-01
298	0.00	5.382347e-01
299	0.00	5.286133e-01
300	0.00	5.191802e-01
301	0.00	5.099034e-01
302	0.00	5.008080e-01
303	0.00	4.918637e-01
304	0.00	4.830937e-01
305	0.00	4.744700e-01
306	0.00	4.660138e-01
307	0.00	4.576988e-01
308	0.00	4.495452e-01
309	0.00	4.415278e-01
310	0.00	4.336665e-01
311	0.00	4.259360e-01
312	0.00	4.183573e-01
313	0.00	4.109040e-01
314	0.00	4.035966e-01
315	0.00	3.964099e-01
316	0.00	3.893636e-01
317	0.00	3.824338e-01
318	0.00	3.756392e-01
319	0.00	3.689571e-01
320	0.00	3.624051e-01
321	0.00	3.559618e-01
322	0.00	3.496439e-01
323	0.00	3.434307e-01
324	0.00	3.373386e-01
325	0.00	3.313472e-01
326	0.00	3.254731e-01
327	0.00	3.196957e-01
328	0.00	3.140314e-01
329	0.00	3.084606e-01
330	0.00	3.029981e-01
331	0.00	2.976267e-01
332	0.00	2.923591e-01
333	0.00	2.871792e-01
334	0.00	2.820994e-01
335	0.00	2.771043e-01
336	0.00	2.722055e-01
337	0.00	2.673885e-01
338	0.00	2.626642e-01
339	0.00	2.580189e-01
340	0.00	2.534629e-01
341	0.00	2.489833e-01
342	0.00	2.445894e-01
343	0.00	2.402695e-01
344	0.00	2.360321e-01
345	0.00	2.318661e-01
346	0.00	2.277795e-01
347	0.00	2.237619e-01
348	0.00	2.198208e-01
349	0.00	2.159461e-01
350	0.00	2.121454e-01
351	0.00	2.084085e-01
352	0.00	2.047430e-01
353	0.00	2.011392e-01
354	0.00	1.976040e-01
355	0.00	1.941282e-01
356	0.00	1.907187e-01
357	0.00	1.873665e-01
358	0.00	1.840780e-01
359	0.00	1.808450e-01
360	0.00	1.776733e-01
361	0.00	1.745551e-01
362	0.00	1.714961e-01
363	0.00	1.684886e-01
364	0.00	1.655381e-01
365	0.00	1.626374e-01
366	0.00	1.597916e-01
367	0.00	1.569939e-01
368	0.00	1.542490e-01
369	0.00	1.515505e-01
370	0.00	1.489029e-01
371	0.00	1.463001e-01
372	0.00	1.437463e-01
373	0.00	1.412358e-01
374	0.00	1.387725e-01
375	0.00	1.363510e-01
376	0.00	1.339749e-01
377	0.00	1.316392e-01
378	0.00	1.293472e-01
379	0.00	1.270942e-01
380	0.00	1.248833e-01
381	0.00	1.227100e-01
382	0.01	1.205774e-01
383	0.00	1.184810e-01
384	0.00	1.164237e-01
385	0.00	1.144015e-01
386	0.00	1.124169e-01
387	0.00	1.104662e-01
388	0.00	1.085518e-01
389	0.00	1.066699e-01
390	0.00	1.048231e-01
391	0.00	1.030077e-01
392	0.00	1.012261e-01
393	0.00	9.947481e-02
394	0.00	9.775606e-02
395	0.00	9.606657e-02
396	0.00	9.440843e-02
397	0.00	9.277853e-02
398	0.00	9.117884e-02
399	0.00	8.960640e-02
400	0.00	8.806307e-02
401	0.00	8.654604e-02
402	0.01	8.505707e-02
403	0.00	8.359347e-02
404	0.00	8.215690e-02
405	0.00	8.074482e-02
406	0.00	7.935880e-02
407	0.00	7.799640e-02
408	0.00	7.665911e-02
409	0.00	7.534463e-02
410	0.00	7.405434e-02
411	0.00	7.278605e-02
412	0.00	7.154108e-02
413	0.00	7.031735e-02
414	0.00	6.911608e-02
415	0.00	6.793531e-02
416	0.00	6.677620e-02
417	0.00	6.563685e-02
418	0.00	6.451839e-02
419	0.00	6.341900e-02
420	0.00	6.233973e-02
421	0.00	6.127887e-02
422	0.00	6.023740e-02
423	0.00	5.921370e-02
424	0.00	5.820869e-02
425	0.00	5.722082e-02
426	0.00	5.625097e-02
427	0.00	5.529765e-02
428	0.00	5.436171e-02
429	0.00	5.344172e-02
430	0.00	5.253847e-02
431	0.00	5.165063e-02
432	0.00	5.077892e-02
433	0.00	4.992207e-02
434	0.00	4.908078e-02
435	0.00	4.825383e-02
436	0.00	4.744187e-02
437	0.00	4.664374e-02
438	0.00	4.586008e-02
439	0.00	4.508976e-02
440	0.00	4.433338e-02
441	0.00	4.358988e-02
442	0.00	4.285982e-02
443	0.00	4.214219e-02
444	0.00	4.143751e-02
445	0.00	4.074483e-02
446	0.00	4.006463e-02
447	0.00	3.939601e-02
448	0.00	3.873942e-02
449	0.00	3.809401e-02
450	0.00	3.746020e-02
451	0.00	3.683717e-02
452	0.00	3.622533e-02
453	0.00	3.562388e-02
454	0.00	3.503323e-02
455	0.00	3.445262e-02
456	0.00	3.388240e-02
457	0.00	3.332188e-02
458	0.00	3.277138e-02
459	0.00	3.223022e-02
460	0.00	3.169874e-02
461	0.00	3.117628e-02
462	0.00	3.066314e-02
463	0.00	3.015870e-02
464	0.00	2.966326e-02
465	0.00	2.917621e-02
466	0.00	2.869784e-02
467	0.00	2.822757e-02
468	0.00	2.776566e-02
469	0.00	2.731157e-02
470	0.00	2.686554e-02
471	0.00	2.642706e-02
472	0.00	2.599635e-02
473	0.00	2.557293e-02
474	0.00	2.515701e-02
475	0.00	2.474811e-02
476	0.00	2.434645e-02
477	0.00	2.395157e-02
478	0.00	2.356366e-02
479	0.00	2.318230e-02
480	0.00	2.280767e-02
481	0.00	2.243935e-02
482	0.00	2.207752e-02
483	0.00	2.172178e-02
484	0.00	2.137231e-02
485	0.00	2.102871e-02
486	0.00	2.069115e-02
487	0.00	2.035927e-02
488	0.00	2.003321e-02
489	0.00	1.971263e-02
490	0.00	1.939766e-02
491	0.00	1.908798e-02
492	0.00	1.878372e-02
493	0.00	1.848456e-02
494	0.00	1.819063e-02
495	0.00	1.790162e-02
496	0.00	1.761765e-02
497	0.00	1.733843e-02
498	0.00	1.706408e-02
499	0.00	1.679431e-02
