#DiseaseAUCs	BiologicalProcessAUCs
0.701083	nan
0.732076	nan
0.721932	nan
0.737024	nan
0.730769	nan
0.740696	nan
0.743123	nan
0.695544	nan
0.753174	nan
0.714370	nan
0.736277	nan
0.765870	nan
0.743963	nan
0.756504	nan
0.747355	nan
0.714806	nan
0.725853	nan
0.720065	nan
0.752458	nan
0.724608	nan
0.737179	nan
0.754263	nan
0.780309	nan
0.686395	nan
0.782114	nan
0.743185	nan
0.727969	nan
0.726382	nan
0.750498	nan
0.749253	nan
0.754356	nan
0.734877	nan
0.717886	nan
0.773587	nan
0.663617	nan
0.754605	nan
0.720469	nan
0.755166	nan
0.716082	nan
0.741349	nan
0.730054	nan
0.709703	nan
0.748226	nan
0.750031	nan
0.791013	nan
0.747448	nan
0.781056	nan
0.754668	nan
0.779313	nan
0.771440	nan
