#DiseaseAUCs	BiologicalProcessAUCs
0.613269	nan
0.624595	nan
0.571166	nan
0.649334	nan
0.625591	nan
0.634398	nan
0.565970	nan
0.637976	nan
0.621110	nan
0.584920	nan
0.617501	nan
0.623911	nan
0.671583	nan
0.594100	nan
0.612491	nan
0.607170	nan
0.633122	nan
0.613580	nan
0.629574	nan
0.616287	nan
0.667040	nan
0.626556	nan
0.683999	nan
0.587565	nan
0.655433	nan
0.608632	nan
0.649303	nan
0.601475	nan
0.590459	nan
0.589059	nan
0.626898	nan
0.642893	nan
0.649925	nan
0.670961	nan
0.630166	nan
0.618621	nan
0.596994	nan
0.649614	nan
0.573438	nan
0.562267	nan
0.599017	nan
0.596434	nan
0.661034	nan
0.626587	nan
0.627769	nan
0.610779	nan
0.572971	nan
0.612273	nan
0.619648	nan
0.626338	nan
