#DiseaseAUCs	BiologicalProcessAUCs
0.675784	nan
0.666075	nan
0.763038	nan
0.707400	nan
0.645662	nan
0.729805	nan
0.742065	nan
0.665546	nan
0.672330	nan
0.686395	nan
0.683190	nan
0.785007	nan
0.675815	nan
0.714744	nan
0.656180	nan
0.718011	nan
0.686426	nan
0.733694	nan
0.678336	nan
0.676811	nan
0.661657	nan
0.679487	nan
0.720718	nan
0.700741	nan
0.698189	nan
0.709485	nan
0.683657	nan
0.701581	nan
0.684653	nan
0.742407	nan
0.673606	nan
0.692837	nan
0.685742	nan
0.709267	nan
0.679114	nan
0.704132	nan
0.677465	nan
0.709080	nan
0.654064	nan
0.703386	nan
0.700616	nan
0.657736	nan
0.718353	nan
0.660101	nan
0.703230	nan
0.642301	nan
0.689538	nan
0.690658	nan
0.766368	nan
0.681292	nan
