#Iter	Time	Change
0	0.02	1.545299e+03
1	0.01	7.244079e+02
2	0.01	5.816609e+02
3	0.01	5.232733e+02
4	0.01	4.574651e+02
5	0.01	4.058864e+02
6	0.01	3.556161e+02
7	0.02	3.142284e+02
8	0.01	2.756172e+02
9	0.01	2.433383e+02
10	0.01	2.137771e+02
11	0.01	1.888291e+02
12	0.01	1.661558e+02
13	0.01	1.469105e+02
14	0.02	1.294926e+02
15	0.02	1.146315e+02
16	0.01	1.011916e+02
17	0.02	8.969224e+01
18	0.02	7.928566e+01
19	0.02	7.036635e+01
20	0.02	6.228513e+01
21	0.01	5.535075e+01
22	0.02	4.905816e+01
23	0.02	4.365428e+01
24	0.02	3.874209e+01
25	0.02	3.452182e+01
26	0.01	3.067847e+01
27	0.01	2.737579e+01
28	0.01	2.436212e+01
29	0.01	2.177239e+01
30	0.01	1.940440e+01
31	0.01	1.736973e+01
32	0.01	1.550518e+01
33	0.01	1.390364e+01
34	0.01	1.243231e+01
35	0.01	1.116906e+01
36	0.01	1.000535e+01
37	0.01	9.006806e+00
38	0.02	8.084258e+00
39	0.01	7.293220e+00
40	0.01	6.560102e+00
41	0.01	5.931995e+00
42	0.01	5.347964e+00
43	0.02	4.848006e+00
44	0.01	4.381570e+00
45	0.01	3.982575e+00
46	0.02	3.609004e+00
47	0.01	3.289699e+00
48	0.02	2.989644e+00
49	0.02	2.733355e+00
50	0.02	2.491620e+00
51	0.01	2.285263e+00
52	0.02	2.089888e+00
53	0.02	1.923180e+00
54	0.02	1.764740e+00
55	0.02	1.629584e+00
56	0.02	1.500642e+00
57	0.02	1.390655e+00
58	0.02	1.285329e+00
59	0.01	1.195469e+00
60	0.02	1.109099e+00
61	0.01	1.035375e+00
62	0.02	9.642620e-01
63	0.02	9.035118e-01
64	0.02	8.447109e-01
65	0.02	7.944209e-01
66	0.02	7.455857e-01
67	0.02	7.037548e-01
68	0.02	6.630099e-01
69	0.02	6.280413e-01
70	0.02	5.938852e-01
71	0.01	5.645016e-01
72	0.02	5.357271e-01
73	0.02	5.109044e-01
74	0.02	4.865406e-01
75	0.02	4.654552e-01
76	0.02	4.447185e-01
77	0.02	4.267066e-01
78	0.02	4.089628e-01
79	0.02	3.934878e-01
80	0.01	3.782223e-01
81	0.01	3.648492e-01
82	0.01	3.516429e-01
83	0.01	3.400180e-01
84	0.01	3.285291e-01
85	0.01	3.183639e-01
86	0.02	3.083126e-01
87	0.01	2.993711e-01
88	0.01	2.905275e-01
89	0.01	2.826160e-01
90	0.01	2.747911e-01
91	0.01	2.677502e-01
92	0.01	2.607876e-01
93	0.01	2.544856e-01
94	0.01	2.482560e-01
95	0.01	2.425838e-01
96	0.01	2.369794e-01
97	0.01	2.318463e-01
98	0.01	2.267777e-01
99	0.02	2.221081e-01
100	0.02	2.175002e-01
101	0.01	2.132308e-01
102	0.01	2.090209e-01
103	0.02	2.050986e-01
104	0.02	2.012337e-01
105	0.02	1.976137e-01
106	0.02	1.940493e-01
107	0.02	1.906938e-01
108	0.02	1.873923e-01
109	0.02	1.842693e-01
110	0.02	1.811985e-01
111	0.01	1.782807e-01
112	0.02	1.754135e-01
113	0.02	1.726776e-01
114	0.02	1.699907e-01
115	0.02	1.674169e-01
116	0.02	1.648904e-01
117	0.02	1.624615e-01
118	0.02	1.600783e-01
119	0.02	1.577796e-01
120	0.02	1.555249e-01
121	0.01	1.533437e-01
122	0.02	1.512048e-01
123	0.02	1.491299e-01
124	0.02	1.470958e-01
125	0.02	1.451178e-01
126	0.02	1.431789e-01
127	0.02	1.412892e-01
128	0.02	1.394371e-01
129	0.02	1.376284e-01
130	0.02	1.358558e-01
131	0.01	1.341216e-01
132	0.01	1.324221e-01
133	0.01	1.307567e-01
134	0.01	1.291245e-01
135	0.01	1.275229e-01
136	0.01	1.259532e-01
137	0.01	1.244108e-01
138	0.01	1.228991e-01
139	0.01	1.214120e-01
140	0.01	1.199542e-01
141	0.01	1.185188e-01
142	0.01	1.171115e-01
143	0.01	1.157247e-01
144	0.01	1.143647e-01
145	0.01	1.130234e-01
146	0.01	1.117079e-01
147	0.01	1.104096e-01
148	0.01	1.091360e-01
149	0.02	1.078784e-01
150	0.01	1.066444e-01
151	0.01	1.054252e-01
152	0.01	1.042287e-01
153	0.01	1.030461e-01
154	0.01	1.018852e-01
155	0.01	1.007373e-01
156	0.02	9.961020e-02
157	0.01	9.849536e-02
158	0.01	9.740054e-02
159	0.01	9.631727e-02
160	0.01	9.525321e-02
161	0.01	9.420010e-02
162	0.01	9.316544e-02
163	0.01	9.214122e-02
164	0.01	9.113470e-02
165	0.01	9.013815e-02
166	0.01	8.915861e-02
167	0.01	8.818861e-02
168	0.01	8.723497e-02
169	0.01	8.629048e-02
170	0.01	8.536172e-02
171	0.01	8.444177e-02
172	0.01	8.353694e-02
173	0.01	8.264062e-02
174	0.01	8.175884e-02
175	0.01	8.088528e-02
176	0.01	8.002572e-02
177	0.01	7.917411e-02
178	0.01	7.833599e-02
179	0.01	7.750558e-02
180	0.01	7.668816e-02
181	0.01	7.587821e-02
182	0.01	7.508079e-02
183	0.01	7.429064e-02
184	0.01	7.351256e-02
185	0.01	7.274155e-02
186	0.01	7.198219e-02
187	0.01	7.122971e-02
188	0.01	7.048846e-02
189	0.01	6.975393e-02
190	0.01	6.903023e-02
191	0.01	6.831309e-02
192	0.01	6.760641e-02
193	0.01	6.690613e-02
194	0.01	6.621595e-02
195	0.01	6.553202e-02
196	0.01	6.485786e-02
197	0.01	6.418979e-02
198	0.01	6.353117e-02
199	0.02	6.287851e-02
200	0.01	6.223498e-02
201	0.01	6.159727e-02
202	0.01	6.096841e-02
203	0.01	6.034524e-02
204	0.01	5.973062e-02
205	0.01	5.912158e-02
206	0.02	5.852082e-02
207	0.02	5.792551e-02
208	0.02	5.733822e-02
209	0.01	5.675626e-02
210	0.01	5.618207e-02
211	0.01	5.561311e-02
212	0.01	5.505168e-02
213	0.01	5.449536e-02
214	0.01	5.394633e-02
215	0.01	5.340232e-02
216	0.02	5.286538e-02
217	0.02	5.233335e-02
218	0.01	5.180818e-02
219	0.01	5.128781e-02
220	0.01	5.077411e-02
221	0.01	5.026511e-02
222	0.01	4.976257e-02
223	0.01	4.926464e-02
224	0.01	4.877298e-02
225	0.01	4.828585e-02
226	0.01	4.780480e-02
227	0.01	4.732818e-02
228	0.01	4.685748e-02
229	0.01	4.639111e-02
230	0.01	4.593049e-02
231	0.01	4.547413e-02
232	0.01	4.502334e-02
233	0.01	4.457672e-02
234	0.01	4.413553e-02
235	0.01	4.369842e-02
236	0.01	4.326659e-02
237	0.01	4.283876e-02
238	0.01	4.241606e-02
239	0.01	4.199729e-02
240	0.01	4.158350e-02
241	0.01	4.117356e-02
242	0.01	4.076847e-02
243	0.01	4.036715e-02
244	0.01	3.997055e-02
245	0.01	3.957765e-02
246	0.01	3.918934e-02
247	0.01	3.880466e-02
248	0.01	3.842444e-02
249	0.01	3.804779e-02
250	0.01	3.767548e-02
251	0.01	3.730665e-02
252	0.01	3.694207e-02
253	0.01	3.658090e-02
254	0.01	3.622385e-02
255	0.02	3.587016e-02
256	0.01	3.552048e-02
257	0.01	3.517409e-02
258	0.02	3.483161e-02
259	0.02	3.449235e-02
260	0.02	3.415691e-02
261	0.01	3.382463e-02
262	0.01	3.349606e-02
263	0.01	3.317058e-02
264	0.01	3.284873e-02
265	0.01	3.252992e-02
266	0.01	3.221463e-02
267	0.01	3.190232e-02
268	0.02	3.159346e-02
269	0.01	3.128751e-02
270	0.01	3.098493e-02
271	0.01	3.068520e-02
272	0.01	3.038874e-02
273	0.01	3.009509e-02
274	0.01	2.980464e-02
275	0.01	2.951694e-02
276	0.01	2.923235e-02
277	0.01	2.895046e-02
278	0.01	2.867161e-02
279	0.01	2.839540e-02
280	0.01	2.812216e-02
281	0.01	2.785152e-02
282	0.01	2.758377e-02
283	0.01	2.731856e-02
284	0.01	2.705618e-02
285	0.01	2.679629e-02
286	0.02	2.653916e-02
287	0.02	2.628447e-02
288	0.02	2.603248e-02
289	0.02	2.578288e-02
290	0.02	2.553592e-02
291	0.01	2.529130e-02
292	0.02	2.504925e-02
293	0.02	2.480951e-02
294	0.02	2.457228e-02
295	0.01	2.433730e-02
296	0.01	2.410478e-02
297	0.01	2.387447e-02
298	0.01	2.364656e-02
299	0.01	2.342081e-02
300	0.01	2.319741e-02
301	0.01	2.297613e-02
302	0.02	2.275715e-02
303	0.01	2.254024e-02
304	0.01	2.232558e-02
305	0.01	2.211296e-02
306	0.01	2.190252e-02
307	0.01	2.169409e-02
308	0.01	2.148780e-02
309	0.02	2.128347e-02
310	0.02	2.108124e-02
311	0.01	2.088092e-02
312	0.01	2.068265e-02
313	0.02	2.048627e-02
314	0.02	2.029189e-02
315	0.01	2.009936e-02
316	0.01	1.990878e-02
317	0.01	1.972002e-02
318	0.02	1.953317e-02
319	0.02	1.934810e-02
320	0.01	1.916489e-02
321	0.01	1.898344e-02
322	0.01	1.880381e-02
323	0.01	1.862589e-02
324	0.01	1.844976e-02
325	0.01	1.827530e-02
326	0.01	1.810260e-02
327	0.01	1.793154e-02
328	0.01	1.776219e-02
329	0.01	1.759446e-02
330	0.01	1.742840e-02
331	0.01	1.726392e-02
332	0.01	1.710108e-02
333	0.01	1.693979e-02
334	0.01	1.678010e-02
335	0.01	1.662194e-02
336	0.01	1.646534e-02
337	0.01	1.631023e-02
338	0.01	1.615666e-02
339	0.01	1.600456e-02
340	0.01	1.585395e-02
341	0.01	1.570478e-02
342	0.01	1.555708e-02
343	0.01	1.541078e-02
344	0.01	1.526593e-02
345	0.01	1.512245e-02
346	0.01	1.498039e-02
347	0.01	1.483967e-02
348	0.01	1.470034e-02
349	0.01	1.456233e-02
350	0.01	1.442567e-02
351	0.01	1.429031e-02
352	0.01	1.415628e-02
353	0.01	1.402352e-02
354	0.02	1.389205e-02
355	0.01	1.376184e-02
356	0.02	1.363289e-02
357	0.01	1.350517e-02
358	0.01	1.337870e-02
359	0.01	1.325342e-02
360	0.01	1.312936e-02
361	0.01	1.300648e-02
362	0.01	1.288479e-02
363	0.01	1.276426e-02
364	0.01	1.264489e-02
365	0.01	1.252666e-02
366	0.01	1.240957e-02
367	0.01	1.229360e-02
368	0.01	1.217874e-02
369	0.02	1.206497e-02
370	0.02	1.195230e-02
371	0.01	1.184070e-02
372	0.01	1.173018e-02
373	0.01	1.162070e-02
374	0.01	1.151228e-02
375	0.01	1.140488e-02
376	0.01	1.129852e-02
377	0.01	1.119316e-02
378	0.01	1.108882e-02
379	0.01	1.098546e-02
380	0.02	1.088309e-02
381	0.01	1.078170e-02
382	0.01	1.068127e-02
383	0.01	1.058180e-02
384	0.01	1.048328e-02
385	0.01	1.038569e-02
386	0.01	1.028903e-02
387	0.01	1.019329e-02
388	0.01	1.009846e-02
389	0.01	1.000452e-02
390	0.01	9.911487e-03
391	0.01	9.819329e-03
392	0.01	9.728050e-03
393	0.01	9.637633e-03
394	0.01	9.548076e-03
395	0.01	9.459366e-03
396	0.01	9.371499e-03
397	0.01	9.284461e-03
398	0.01	9.198251e-03
399	0.01	9.112854e-03
400	0.01	9.028267e-03
401	0.01	8.944479e-03
402	0.01	8.861485e-03
403	0.01	8.779274e-03
404	0.01	8.697842e-03
405	0.01	8.617177e-03
406	0.01	8.537276e-03
407	0.01	8.458128e-03
408	0.02	8.379729e-03
409	0.02	8.302068e-03
410	0.02	8.225141e-03
411	0.01	8.148938e-03
412	0.02	8.073455e-03
413	0.02	7.998683e-03
414	0.02	7.924616e-03
415	0.02	7.851246e-03
416	0.02	7.778568e-03
417	0.02	7.706573e-03
418	0.02	7.635257e-03
419	0.02	7.564611e-03
420	0.02	7.494630e-03
421	0.01	7.425307e-03
422	0.02	7.356636e-03
423	0.02	7.288610e-03
424	0.02	7.221224e-03
425	0.02	7.154471e-03
426	0.02	7.088345e-03
427	0.01	7.022839e-03
428	0.02	6.957949e-03
429	0.01	6.893667e-03
430	0.01	6.829989e-03
431	0.01	6.766908e-03
432	0.02	6.704419e-03
433	0.01	6.642515e-03
434	0.01	6.581192e-03
435	0.02	6.520443e-03
436	0.02	6.460263e-03
437	0.02	6.400647e-03
438	0.02	6.341590e-03
439	0.02	6.283085e-03
440	0.02	6.225127e-03
441	0.01	6.167713e-03
442	0.02	6.110834e-03
443	0.02	6.054489e-03
444	0.02	5.998670e-03
445	0.01	5.943373e-03
446	0.01	5.888592e-03
447	0.02	5.834324e-03
448	0.01	5.780562e-03
449	0.01	5.727303e-03
450	0.01	5.674540e-03
451	0.01	5.622271e-03
452	0.02	5.570489e-03
453	0.01	5.519191e-03
454	0.02	5.468371e-03
455	0.01	5.418026e-03
456	0.01	5.368149e-03
457	0.01	5.318738e-03
458	0.01	5.269787e-03
459	0.02	5.221293e-03
460	0.02	5.173250e-03
461	0.01	5.125656e-03
462	0.02	5.078504e-03
463	0.02	5.031792e-03
464	0.02	4.985514e-03
465	0.02	4.939667e-03
466	0.02	4.894247e-03
467	0.01	4.849250e-03
468	0.01	4.804671e-03
469	0.01	4.760507e-03
470	0.01	4.716753e-03
471	0.01	4.673407e-03
472	0.01	4.630462e-03
473	0.01	4.587918e-03
474	0.01	4.545769e-03
475	0.01	4.504011e-03
476	0.01	4.462641e-03
477	0.01	4.421656e-03
478	0.02	4.381051e-03
479	0.01	4.340823e-03
480	0.01	4.300968e-03
481	0.01	4.261484e-03
482	0.02	4.222366e-03
483	0.01	4.183611e-03
484	0.02	4.145215e-03
485	0.02	4.107175e-03
486	0.02	4.069488e-03
487	0.02	4.032151e-03
488	0.02	3.995159e-03
489	0.02	3.958511e-03
490	0.02	3.922201e-03
491	0.01	3.886229e-03
492	0.02	3.850589e-03
493	0.02	3.815281e-03
494	0.02	3.780298e-03
495	0.02	3.745640e-03
496	0.02	3.711302e-03
497	0.02	3.677283e-03
498	0.02	3.643578e-03
499	0.02	3.610185e-03
