#DiseaseAUCs	BiologicalProcessAUCs
0.692370	nan
0.618279	nan
0.678834	nan
0.687733	nan
0.729400	nan
0.678149	nan
0.680234	nan
0.694206	nan
0.686831	nan
0.657736	nan
0.747697	nan
0.701487	nan
0.661128	nan
0.674539	nan
0.684373	nan
0.713997	nan
0.707649	nan
0.685244	nan
0.692494	nan
0.688947	nan
0.641150	nan
0.659572	nan
0.685057	nan
0.701238	nan
0.700616	nan
0.679985	nan
0.668627	nan
0.659634	nan
0.729805	nan
0.638785	nan
0.668503	nan
0.652819	nan
0.627614	nan
0.666760	nan
0.714495	nan
0.725417	nan
0.694019	nan
0.676655	nan
0.667040	nan
0.678678	nan
0.710356	nan
0.691903	nan
0.719100	nan
0.648525	nan
0.708956	nan
0.633588	nan
0.683968	nan
0.705533	nan
0.714930	nan
0.678460	nan
