#DiseaseAUCs	BiologicalProcessAUCs
0.593149	nan
0.613391	nan
0.626901	nan
0.638670	nan
0.586051	nan
0.562740	nan
0.583990	nan
0.625298	nan
0.612475	nan
0.574144	nan
0.596492	nan
0.639265	nan
0.581105	nan
0.588340	nan
0.606934	nan
0.604232	nan
0.568648	nan
0.637663	nan
0.650714	nan
0.562374	nan
0.589165	nan
0.636792	nan
0.616734	nan
0.619894	nan
0.581792	nan
0.611147	nan
0.643112	nan
0.605514	nan
0.648974	nan
0.604461	nan
0.599652	nan
0.636014	nan
0.615864	nan
0.565122	nan
0.628687	nan
0.661339	nan
0.576342	nan
0.603911	nan
0.608216	nan
0.493772	nan
0.592599	nan
0.592737	nan
0.546345	nan
0.553123	nan
0.580692	nan
0.564069	nan
0.602903	nan
0.580418	nan
0.558298	nan
0.548223	nan
