#DiseaseAUCs	BiologicalProcessAUCs
0.675124	nan
0.697655	nan
0.648608	nan
0.678421	nan
0.687397	nan
0.671552	nan
0.704891	nan
0.678742	nan
0.666560	nan
0.682863	nan
0.677413	nan
0.611742	nan
0.658683	nan
0.631022	nan
0.655752	nan
0.650531	nan
0.701594	nan
0.670956	nan
0.653142	nan
0.635190	nan
0.654790	nan
0.649661	nan
0.659736	nan
0.666789	nan
0.673750	nan
0.652867	nan
0.630152	nan
0.649707	nan
0.645952	nan
0.662713	nan
0.743039	nan
0.645082	nan
0.675490	nan
0.684695	nan
0.656668	nan
0.681947	nan
0.665232	nan
0.675948	nan
0.676406	nan
0.620306	nan
0.667567	nan
0.716386	nan
0.690191	nan
0.651447	nan
0.700907	nan
0.592737	nan
0.630335	nan
0.752565	nan
0.671872	nan
0.697426	nan
