#DiseaseAUCs	BiologicalProcessAUCs
0.683159	nan
0.630943	nan
0.642021	nan
0.678398	nan
0.647031	nan
0.617221	nan
0.619648	nan
0.637074	nan
0.672797	nan
0.622293	nan
0.690845	nan
0.659603	nan
0.608352	nan
0.619928	nan
0.641430	nan
0.689569	nan
0.630975	nan
0.679083	nan
0.642830	nan
0.667787	nan
0.658981	nan
0.696322	nan
0.645942	nan
0.683844	nan
0.626027	nan
0.682101	nan
0.607418	nan
0.691530	nan
0.677900	nan
0.736993	nan
0.699091	nan
0.640466	nan
0.706217	nan
0.674695	nan
0.618154	nan
0.651575	nan
0.628672	nan
0.653068	nan
0.644449	nan
0.606392	nan
0.694019	nan
0.654469	nan
0.663119	nan
0.665391	nan
0.660879	nan
0.679923	nan
0.669218	nan
0.696571	nan
0.693428	nan
0.669032	nan
