#DiseaseAUCs	BiologicalProcessAUCs
0.566954	nan
0.568785	nan
0.636563	nan
0.616596	nan
0.609544	nan
0.668850	nan
0.579227	nan
0.593973	nan
0.590539	nan
0.642929	nan
0.559489	nan
0.637021	nan
0.684741	nan
0.576067	nan
0.592096	nan
0.584860	nan
0.622687	nan
0.628412	nan
0.613986	nan
0.645402	nan
0.604918	nan
0.617100	nan
0.613711	nan
0.687305	nan
0.606292	nan
0.655111	nan
0.620169	nan
0.568511	nan
0.606888	nan
0.617925	nan
0.639586	nan
0.576342	nan
0.612246	nan
0.577624	nan
0.648104	nan
0.591958	nan
0.658133	nan
0.613208	nan
0.632075	nan
0.659278	nan
0.601072	nan
0.607941	nan
0.625298	nan
0.622092	nan
0.601942	nan
0.610277	nan
0.602766	nan
0.575517	nan
0.609819	nan
0.610322	nan
