#DiseaseAUCs	BiologicalProcessAUCs
0.610032	nan
0.641648	nan
0.606858	nan
0.615665	nan
0.602222	nan
0.644106	nan
0.634335	nan
0.593291	nan
0.620177	nan
0.639750	nan
0.642519	nan
0.549415	nan
0.632593	nan
0.608539	nan
0.604898	nan
0.631877	nan
0.596216	nan
0.625622	nan
0.621733	nan
0.626400	nan
0.671646	nan
0.641150	nan
0.587223	nan
0.635238	nan
0.632966	nan
0.583707	nan
0.609161	nan
0.578572	nan
0.633371	nan
0.653659	nan
0.646036	nan
0.652166	nan
0.643391	nan
0.605831	nan
0.565098	nan
0.595314	nan
0.576363	nan
0.649085	nan
0.652072	nan
0.630539	nan
0.602066	nan
0.547081	nan
0.618808	nan
0.583178	nan
0.542445	nan
0.650205	nan
0.638381	nan
0.580439	nan
0.619337	nan
0.609628	nan
