#DiseaseAUCs	BiologicalProcessAUCs
0.626587	nan
0.660568	nan
0.656740	nan
0.628796	nan
0.639159	nan
0.623973	nan
0.627614	nan
0.605863	nan
0.597990	nan
0.607294	nan
0.598332	nan
0.666387	nan
0.588312	nan
0.628734	nan
0.681852	nan
0.555327	nan
0.665484	nan
0.635113	nan
0.597865	nan
0.648930	nan
0.641679	nan
0.603186	nan
0.635362	nan
0.642488	nan
0.637105	nan
0.653162	nan
0.574403	nan
0.635798	nan
0.647840	nan
0.655558	nan
0.563791	nan
0.619243	nan
0.653846	nan
0.631628	nan
0.653411	nan
0.653504	nan
0.639874	nan
0.643391	nan
0.612117	nan
0.623257	nan
0.652913	nan
0.615602	nan
0.626649	nan
0.615478	nan
0.682755	nan
0.638910	nan
0.601942	nan
0.685026	nan
0.627738	nan
0.647125	nan
