#DiseaseAUCs	BiologicalProcessAUCs
0.647311	nan
0.654717	nan
0.700896	nan
0.737179	nan
0.668689	nan
0.707618	nan
0.674322	nan
0.734317	nan
0.696975	nan
0.742407	nan
0.632904	nan
0.610655	nan
0.616536	nan
0.693646	nan
0.645911	nan
0.685929	nan
0.655651	nan
0.679052	nan
0.705159	nan
0.618123	nan
0.678398	nan
0.633869	nan
0.700056	nan
0.667382	nan
0.664520	nan
0.733694	nan
0.640777	nan
0.678149	nan
0.700398	nan
0.598519	nan
0.644978	nan
0.671179	nan
0.704973	nan
0.693023	nan
0.655558	nan
0.684715	nan
0.659105	nan
0.634927	nan
0.694113	nan
0.632282	nan
0.634024	nan
0.674944	nan
0.647467	nan
0.672486	nan
0.687982	nan
0.674664	nan
0.636296	nan
0.623071	nan
0.670805	nan
0.663648	nan
