#DiseaseAUCs	BiologicalProcessAUCs
0.595438	nan
0.646596	nan
0.557443	nan
0.636700	nan
0.516368	nan
0.586881	nan
0.591828	nan
0.602035	nan
0.549073	nan
0.541355	nan
0.572722	nan
0.543067	nan
0.550317	nan
0.575461	nan
0.569922	nan
0.604276	nan
0.603342	nan
0.611090	nan
0.631255	nan
0.616505	nan
0.635051	nan
0.644573	nan
0.603996	nan
0.598643	nan
0.540235	nan
0.632001	nan
0.548917	nan
0.669872	nan
0.597399	nan
0.532923	nan
0.617189	nan
0.538088	nan
0.576021	nan
0.593727	nan
0.603840	nan
0.562765	nan
0.558159	nan
0.571073	nan
0.565254	nan
0.624284	nan
0.603124	nan
0.565005	nan
0.601444	nan
0.659385	nan
0.649956	nan
0.604649	nan
0.577514	nan
0.611526	nan
0.600106	nan
0.521876	nan
