#DiseaseAUCs	BiologicalProcessAUCs
0.695917	nan
0.689569	nan
0.707275	nan
0.711570	nan
0.654593	nan
0.661439	nan
0.664333	nan
0.644573	nan
0.637354	nan
0.647685	nan
0.661470	nan
0.640434	nan
0.641492	nan
0.685477	nan
0.646129	nan
0.695419	nan
0.680607	nan
0.683252	nan
0.667382	nan
0.622075	nan
0.691654	nan
0.675162	nan
0.661626	nan
0.672143	nan
0.628143	nan
0.618963	nan
0.651046	nan
0.658545	nan
0.681759	nan
0.597103	nan
0.664737	nan
0.603622	nan
0.680358	nan
0.668254	nan
0.690907	nan
0.691965	nan
0.695948	nan
0.647872	nan
0.635689	nan
0.633433	nan
0.667694	nan
0.667382	nan
0.659914	nan
0.689352	nan
0.659665	nan
0.657114	nan
0.694081	nan
0.630726	nan
0.680607	nan
0.699869	nan
