#Iter	Time	Change
0	0.01	1.786084e+03
1	0.01	6.232597e+02
2	0.01	3.491480e+02
3	0.01	2.493882e+02
4	0.01	1.700828e+02
5	0.01	1.328530e+02
6	0.01	1.040635e+02
7	0.01	9.044741e+01
8	0.01	7.671895e+01
9	0.01	6.811454e+01
10	0.01	5.848020e+01
11	0.01	5.184146e+01
12	0.01	4.463806e+01
13	0.01	3.951867e+01
14	0.01	3.409230e+01
15	0.01	3.018605e+01
16	0.01	2.609829e+01
17	0.01	2.313766e+01
18	0.01	2.005793e+01
19	0.01	1.782153e+01
20	0.01	1.549640e+01
21	0.01	1.380862e+01
22	0.01	1.204740e+01
23	0.01	1.077236e+01
24	0.01	9.432428e+00
25	0.01	8.466712e+00
26	0.01	7.442040e+00
27	0.01	6.708220e+00
28	0.01	5.920633e+00
29	0.01	5.360675e+00
30	0.01	4.751856e+00
31	0.01	4.322418e+00
32	0.01	3.849054e+00
33	0.01	3.517894e+00
34	0.01	3.147415e+00
35	0.01	2.890447e+00
36	0.01	2.598610e+00
37	0.01	2.397861e+00
38	0.01	2.166412e+00
39	0.01	2.008457e+00
40	0.01	1.823652e+00
41	0.01	1.698433e+00
42	0.01	1.549868e+00
43	0.01	1.449824e+00
44	0.01	1.329588e+00
45	0.01	1.249053e+00
46	0.01	1.151092e+00
47	0.01	1.085756e+00
48	0.01	1.005421e+00
49	0.01	9.519356e-01
50	0.01	8.856279e-01
51	0.01	8.414842e-01
52	0.01	7.864138e-01
53	0.01	7.496856e-01
54	0.01	7.036698e-01
55	0.01	6.728686e-01
56	0.01	6.341903e-01
57	0.01	6.081601e-01
58	0.01	5.754632e-01
59	0.01	5.532998e-01
60	0.01	5.255054e-01
61	0.01	5.064970e-01
62	0.01	4.827412e-01
63	0.01	4.663244e-01
64	0.01	4.459127e-01
65	0.01	4.316389e-01
66	0.01	4.140089e-01
67	0.01	4.015179e-01
68	0.01	3.862124e-01
69	0.01	3.752132e-01
70	0.01	3.618588e-01
71	0.01	3.521154e-01
72	0.01	3.404043e-01
73	0.01	3.317238e-01
74	0.01	3.214025e-01
75	0.01	3.136262e-01
76	0.01	3.044848e-01
77	0.01	2.974815e-01
78	0.01	2.893454e-01
79	0.01	2.830063e-01
80	0.01	2.757296e-01
81	0.01	2.699638e-01
82	0.01	2.634243e-01
83	0.01	2.581554e-01
84	0.01	2.522504e-01
85	0.01	2.474141e-01
86	0.01	2.420570e-01
87	0.01	2.375990e-01
88	0.01	2.327165e-01
89	0.01	2.285906e-01
90	0.01	2.241207e-01
91	0.01	2.202875e-01
92	0.01	2.161774e-01
93	0.01	2.126032e-01
94	0.01	2.088081e-01
95	0.01	2.054640e-01
96	0.01	2.019454e-01
97	0.01	1.988064e-01
98	0.01	1.955316e-01
99	0.01	1.925762e-01
100	0.01	1.895169e-01
101	0.01	1.867265e-01
102	0.01	1.838585e-01
103	0.01	1.812170e-01
104	0.01	1.785194e-01
105	0.01	1.760125e-01
106	0.01	1.734674e-01
107	0.01	1.710829e-01
108	0.01	1.686745e-01
109	0.01	1.664016e-01
110	0.01	1.641166e-01
111	0.01	1.619457e-01
112	0.01	1.597722e-01
113	0.01	1.576951e-01
114	0.01	1.556228e-01
115	0.01	1.536320e-01
116	0.01	1.516520e-01
117	0.01	1.497409e-01
118	0.01	1.478454e-01
119	0.01	1.460082e-01
120	0.01	1.441903e-01
121	0.01	1.424218e-01
122	0.01	1.406754e-01
123	0.01	1.389710e-01
124	0.01	1.372907e-01
125	0.01	1.356462e-01
126	0.01	1.340272e-01
127	0.01	1.324389e-01
128	0.01	1.308771e-01
129	0.01	1.293416e-01
130	0.01	1.278331e-01
131	0.01	1.263474e-01
132	0.01	1.248888e-01
133	0.01	1.234501e-01
134	0.01	1.220385e-01
135	0.01	1.206442e-01
136	0.01	1.192769e-01
137	0.01	1.179247e-01
138	0.01	1.165992e-01
139	0.01	1.152871e-01
140	0.01	1.140011e-01
141	0.01	1.127271e-01
142	0.01	1.114786e-01
143	0.01	1.102410e-01
144	0.01	1.090282e-01
145	0.01	1.078252e-01
146	0.01	1.066465e-01
147	0.01	1.054767e-01
148	0.01	1.043303e-01
149	0.01	1.031923e-01
150	0.01	1.020770e-01
151	0.01	1.009695e-01
152	0.01	9.988388e-02
153	0.01	9.880556e-02
154	0.01	9.774846e-02
155	0.01	9.669824e-02
156	0.01	9.566849e-02
157	0.01	9.464531e-02
158	0.01	9.364187e-02
159	0.01	9.264472e-02
160	0.01	9.166659e-02
161	0.01	9.069454e-02
162	0.01	8.974080e-02
163	0.01	8.879297e-02
164	0.01	8.786275e-02
165	0.01	8.693829e-02
166	0.01	8.603078e-02
167	0.01	8.512890e-02
168	0.01	8.424334e-02
169	0.01	8.336330e-02
170	0.01	8.249896e-02
171	0.01	8.164004e-02
172	0.01	8.079623e-02
173	0.01	7.995777e-02
174	0.01	7.913384e-02
175	0.01	7.831520e-02
176	0.01	7.751053e-02
177	0.01	7.671109e-02
178	0.01	7.592510e-02
179	0.01	7.514427e-02
180	0.01	7.437640e-02
181	0.01	7.361364e-02
182	0.01	7.286335e-02
183	0.01	7.211812e-02
184	0.01	7.138490e-02
185	0.01	7.065669e-02
186	0.01	6.994006e-02
187	0.01	6.922838e-02
188	0.01	6.852787e-02
189	0.01	6.783226e-02
190	0.01	6.714741e-02
191	0.01	6.646742e-02
192	0.01	6.579780e-02
193	0.01	6.513300e-02
194	0.01	6.447821e-02
195	0.01	6.382818e-02
196	0.01	6.318782e-02
197	0.01	6.255216e-02
198	0.01	6.192584e-02
199	0.01	6.130418e-02
200	0.01	6.069152e-02
201	0.01	6.008348e-02
202	0.01	5.948415e-02
203	0.01	5.888937e-02
204	0.01	5.830301e-02
205	0.01	5.772116e-02
206	0.01	5.714744e-02
207	0.01	5.657817e-02
208	0.01	5.601678e-02
209	0.01	5.545978e-02
210	0.01	5.491040e-02
211	0.01	5.436536e-02
212	0.01	5.382769e-02
213	0.01	5.329431e-02
214	0.01	5.276807e-02
215	0.01	5.224606e-02
216	0.01	5.173096e-02
217	0.01	5.122003e-02
218	0.01	5.071581e-02
219	0.01	5.021570e-02
220	0.01	4.972208e-02
221	0.01	4.923253e-02
222	0.01	4.874927e-02
223	0.01	4.827001e-02
224	0.01	4.779686e-02
225	0.01	4.732765e-02
226	0.01	4.686437e-02
227	0.01	4.640497e-02
228	0.01	4.595132e-02
229	0.01	4.550150e-02
230	0.01	4.505727e-02
231	0.01	4.461680e-02
232	0.01	4.418175e-02
233	0.01	4.375042e-02
234	0.01	4.332435e-02
235	0.01	4.290193e-02
236	0.01	4.248463e-02
237	0.01	4.207093e-02
238	0.01	4.166220e-02
239	0.01	4.125701e-02
240	0.01	4.085665e-02
241	0.01	4.045977e-02
242	0.01	4.006759e-02
243	0.01	3.967885e-02
244	0.01	3.929467e-02
245	0.01	3.891386e-02
246	0.01	3.853750e-02
247	0.01	3.816445e-02
248	0.01	3.779573e-02
249	0.01	3.743027e-02
250	0.01	3.706902e-02
251	0.01	3.671098e-02
252	0.01	3.635704e-02
253	0.01	3.600625e-02
254	0.01	3.565945e-02
255	0.01	3.531574e-02
256	0.01	3.497593e-02
257	0.01	3.463916e-02
258	0.01	3.430617e-02
259	0.01	3.397618e-02
260	0.01	3.364988e-02
261	0.01	3.332652e-02
262	0.01	3.300675e-02
263	0.01	3.268988e-02
264	0.01	3.237651e-02
265	0.01	3.206597e-02
266	0.01	3.175886e-02
267	0.01	3.145453e-02
268	0.01	3.115353e-02
269	0.01	3.085527e-02
270	0.01	3.056027e-02
271	0.01	3.026795e-02
272	0.01	2.997880e-02
273	0.01	2.969229e-02
274	0.01	2.940888e-02
275	0.01	2.912806e-02
276	0.01	2.885026e-02
277	0.01	2.857500e-02
278	0.01	2.830269e-02
279	0.01	2.803288e-02
280	0.01	2.776595e-02
281	0.01	2.750147e-02
282	0.01	2.723980e-02
283	0.01	2.698053e-02
284	0.01	2.672401e-02
285	0.01	2.646986e-02
286	0.01	2.621838e-02
287	0.01	2.596922e-02
288	0.01	2.572268e-02
289	0.01	2.547842e-02
290	0.01	2.523671e-02
291	0.01	2.499724e-02
292	0.01	2.476026e-02
293	0.01	2.452548e-02
294	0.01	2.429314e-02
295	0.01	2.406295e-02
296	0.01	2.383514e-02
297	0.01	2.360945e-02
298	0.01	2.338609e-02
299	0.01	2.316480e-02
300	0.01	2.294579e-02
301	0.01	2.272882e-02
302	0.01	2.251406e-02
303	0.01	2.230131e-02
304	0.01	2.209073e-02
305	0.01	2.188212e-02
306	0.01	2.167563e-02
307	0.01	2.147106e-02
308	0.01	2.126858e-02
309	0.01	2.106798e-02
310	0.01	2.086942e-02
311	0.01	2.067271e-02
312	0.01	2.047798e-02
313	0.01	2.028508e-02
314	0.01	2.009412e-02
315	0.01	1.990494e-02
316	0.01	1.971767e-02
317	0.01	1.953215e-02
318	0.01	1.934848e-02
319	0.01	1.916654e-02
320	0.01	1.898642e-02
321	0.01	1.880798e-02
322	0.01	1.863132e-02
323	0.01	1.845632e-02
324	0.01	1.828306e-02
325	0.01	1.811142e-02
326	0.01	1.794149e-02
327	0.01	1.777315e-02
328	0.01	1.760648e-02
329	0.01	1.744137e-02
330	0.01	1.727789e-02
331	0.01	1.711595e-02
332	0.01	1.695560e-02
333	0.01	1.679676e-02
334	0.01	1.663949e-02
335	0.01	1.648369e-02
336	0.01	1.632942e-02
337	0.01	1.617660e-02
338	0.01	1.602528e-02
339	0.01	1.587537e-02
340	0.01	1.572694e-02
341	0.01	1.557990e-02
342	0.01	1.543430e-02
343	0.01	1.529006e-02
344	0.01	1.514724e-02
345	0.01	1.500575e-02
346	0.01	1.486564e-02
347	0.01	1.472685e-02
348	0.01	1.458940e-02
349	0.01	1.445325e-02
350	0.01	1.431842e-02
351	0.01	1.418486e-02
352	0.01	1.405259e-02
353	0.01	1.392156e-02
354	0.01	1.379180e-02
355	0.01	1.366326e-02
356	0.01	1.353597e-02
357	0.01	1.340986e-02
358	0.01	1.328498e-02
359	0.01	1.316127e-02
360	0.01	1.303875e-02
361	0.01	1.291738e-02
362	0.01	1.279718e-02
363	0.01	1.267810e-02
364	0.01	1.256018e-02
365	0.01	1.244336e-02
366	0.01	1.232766e-02
367	0.01	1.221304e-02
368	0.01	1.209953e-02
369	0.01	1.198708e-02
370	0.01	1.187571e-02
371	0.01	1.176538e-02
372	0.01	1.165611e-02
373	0.01	1.154786e-02
374	0.01	1.144065e-02
375	0.01	1.133444e-02
376	0.01	1.122925e-02
377	0.01	1.112504e-02
378	0.01	1.102183e-02
379	0.01	1.091959e-02
380	0.01	1.081832e-02
381	0.01	1.071800e-02
382	0.01	1.061863e-02
383	0.01	1.052019e-02
384	0.01	1.042269e-02
385	0.01	1.032611e-02
386	0.01	1.023044e-02
387	0.01	1.013566e-02
388	0.01	1.004179e-02
389	0.01	9.948796e-03
390	0.01	9.856683e-03
391	0.01	9.765433e-03
392	0.01	9.675046e-03
393	0.01	9.585506e-03
394	0.01	9.496813e-03
395	0.01	9.408951e-03
396	0.01	9.321918e-03
397	0.01	9.235700e-03
398	0.01	9.150296e-03
399	0.01	9.065692e-03
400	0.01	8.981886e-03
401	0.01	8.898864e-03
402	0.01	8.816624e-03
403	0.01	8.735154e-03
404	0.01	8.654451e-03
405	0.01	8.574503e-03
406	0.01	8.495307e-03
407	0.01	8.416852e-03
408	0.01	8.339134e-03
409	0.01	8.262143e-03
410	0.01	8.185875e-03
411	0.01	8.110320e-03
412	0.01	8.035474e-03
413	0.01	7.961328e-03
414	0.01	7.887877e-03
415	0.01	7.815113e-03
416	0.01	7.743031e-03
417	0.01	7.671622e-03
418	0.01	7.600881e-03
419	0.01	7.530802e-03
420	0.01	7.461378e-03
421	0.01	7.392603e-03
422	0.01	7.324471e-03
423	0.01	7.256975e-03
424	0.01	7.190110e-03
425	0.01	7.123869e-03
426	0.01	7.058246e-03
427	0.01	6.993237e-03
428	0.01	6.928833e-03
429	0.01	6.865031e-03
430	0.01	6.801824e-03
431	0.01	6.739206e-03
432	0.01	6.677172e-03
433	0.01	6.615717e-03
434	0.01	6.554834e-03
435	0.01	6.494519e-03
436	0.01	6.434765e-03
437	0.01	6.375569e-03
438	0.01	6.316923e-03
439	0.01	6.258824e-03
440	0.01	6.201265e-03
441	0.01	6.144242e-03
442	0.01	6.087750e-03
443	0.01	6.031783e-03
444	0.01	5.976337e-03
445	0.01	5.921407e-03
446	0.01	5.866987e-03
447	0.01	5.813073e-03
448	0.01	5.759660e-03
449	0.01	5.706744e-03
450	0.01	5.654319e-03
451	0.01	5.602382e-03
452	0.01	5.550927e-03
453	0.01	5.499950e-03
454	0.01	5.449445e-03
455	0.01	5.399410e-03
456	0.01	5.349839e-03
457	0.01	5.300729e-03
458	0.01	5.252073e-03
459	0.01	5.203869e-03
460	0.01	5.156112e-03
461	0.01	5.108799e-03
462	0.01	5.061923e-03
463	0.01	5.015483e-03
464	0.01	4.969472e-03
465	0.01	4.923889e-03
466	0.01	4.878727e-03
467	0.01	4.833984e-03
468	0.01	4.789655e-03
469	0.01	4.745737e-03
470	0.01	4.702225e-03
471	0.01	4.659117e-03
472	0.01	4.616407e-03
473	0.01	4.574093e-03
474	0.01	4.532170e-03
475	0.01	4.490635e-03
476	0.01	4.449484e-03
477	0.01	4.408714e-03
478	0.01	4.368321e-03
479	0.01	4.328302e-03
480	0.01	4.288652e-03
481	0.01	4.249369e-03
482	0.01	4.210449e-03
483	0.01	4.171889e-03
484	0.01	4.133684e-03
485	0.01	4.095834e-03
486	0.01	4.058332e-03
487	0.01	4.021177e-03
488	0.01	3.984365e-03
489	0.01	3.947894e-03
490	0.01	3.911758e-03
491	0.01	3.875956e-03
492	0.01	3.840485e-03
493	0.01	3.805341e-03
494	0.01	3.770521e-03
495	0.01	3.736023e-03
496	0.01	3.701842e-03
497	0.01	3.667978e-03
498	0.01	3.634425e-03
499	0.01	3.601182e-03
