#Iter	Time	Change
0	0.03	9.994208e+02
1	0.02	5.774480e+02
2	0.03	4.576274e+02
3	0.03	3.835385e+02
4	0.02	3.437284e+02
5	0.02	3.028753e+02
6	0.02	2.744861e+02
7	0.02	2.432561e+02
8	0.02	2.208144e+02
9	0.02	1.963739e+02
10	0.02	1.787291e+02
11	0.02	1.596168e+02
12	0.03	1.458116e+02
13	0.02	1.308574e+02
14	0.02	1.200854e+02
15	0.02	1.083544e+02
16	0.02	9.994473e+01
17	0.02	9.071069e+01
18	0.02	8.412715e+01
19	0.02	7.683757e+01
20	0.02	7.167156e+01
21	0.02	6.589976e+01
22	0.02	6.183585e+01
23	0.02	5.725155e+01
24	0.02	5.404675e+01
25	0.02	5.039246e+01
26	0.02	4.786076e+01
27	0.02	4.493455e+01
28	0.02	4.293001e+01
29	0.02	4.057587e+01
30	0.02	3.898053e+01
31	0.02	3.707779e+01
32	0.03	3.580033e+01
33	0.02	3.425508e+01
34	0.02	3.322530e+01
35	0.02	3.196459e+01
36	0.02	3.112845e+01
37	0.02	3.009399e+01
38	0.02	2.940926e+01
39	0.02	2.855576e+01
40	0.02	2.798929e+01
41	0.02	2.728038e+01
42	0.02	2.680665e+01
43	0.02	2.621371e+01
44	0.02	2.581277e+01
45	0.02	2.531356e+01
46	0.02	2.496969e+01
47	0.02	2.454615e+01
48	0.02	2.424725e+01
49	0.02	2.388490e+01
50	0.02	2.362164e+01
51	0.02	2.330888e+01
52	0.02	2.307400e+01
53	0.02	2.280174e+01
54	0.02	2.258948e+01
55	0.02	2.235031e+01
56	0.02	2.215656e+01
57	0.02	2.194411e+01
58	0.02	2.176569e+01
59	0.02	2.157523e+01
60	0.02	2.140972e+01
61	0.02	2.123686e+01
62	0.02	2.108261e+01
63	0.02	2.092373e+01
64	0.02	2.077949e+01
65	0.02	2.063192e+01
66	0.02	2.049596e+01
67	0.02	2.035773e+01
68	0.02	2.022864e+01
69	0.02	2.009777e+01
70	0.02	1.997449e+01
71	0.02	1.984987e+01
72	0.03	1.973155e+01
73	0.02	1.961225e+01
74	0.02	1.949818e+01
75	0.02	1.938361e+01
76	0.02	1.927317e+01
77	0.02	1.916264e+01
78	0.02	1.905537e+01
79	0.02	1.894840e+01
80	0.02	1.884400e+01
81	0.02	1.874020e+01
82	0.02	1.863828e+01
83	0.02	1.853720e+01
84	0.02	1.843749e+01
85	0.02	1.833882e+01
86	0.02	1.824112e+01
87	0.02	1.814462e+01
88	0.02	1.804875e+01
89	0.02	1.795421e+01
90	0.02	1.786002e+01
91	0.02	1.776726e+01
92	0.02	1.767464e+01
93	0.02	1.758351e+01
94	0.02	1.749236e+01
95	0.02	1.740273e+01
96	0.02	1.731295e+01
97	0.02	1.722473e+01
98	0.02	1.713624e+01
99	0.02	1.704932e+01
100	0.02	1.696207e+01
101	0.02	1.687638e+01
102	0.02	1.679030e+01
103	0.02	1.670579e+01
104	0.02	1.662082e+01
105	0.02	1.653742e+01
106	0.02	1.645353e+01
107	0.02	1.637118e+01
108	0.02	1.628832e+01
109	0.02	1.620698e+01
110	0.02	1.612513e+01
111	0.02	1.604476e+01
112	0.02	1.596387e+01
113	0.02	1.588444e+01
114	0.02	1.580450e+01
115	0.02	1.572598e+01
116	0.02	1.564695e+01
117	0.02	1.556931e+01
118	0.02	1.549117e+01
119	0.02	1.541438e+01
120	0.02	1.533712e+01
121	0.02	1.526117e+01
122	0.03	1.518476e+01
123	0.02	1.510962e+01
124	0.02	1.503405e+01
125	0.02	1.495971e+01
126	0.02	1.488498e+01
127	0.02	1.481139e+01
128	0.02	1.473750e+01
129	0.02	1.466464e+01
130	0.02	1.459157e+01
131	0.02	1.451945e+01
132	0.02	1.444717e+01
133	0.02	1.437579e+01
134	0.02	1.430427e+01
135	0.02	1.423361e+01
136	0.02	1.416287e+01
137	0.02	1.409290e+01
138	0.02	1.402292e+01
139	0.02	1.395364e+01
140	0.02	1.388441e+01
141	0.02	1.381580e+01
142	0.03	1.374730e+01
143	0.02	1.367936e+01
144	0.02	1.361159e+01
145	0.02	1.354430e+01
146	0.02	1.347725e+01
147	0.02	1.341063e+01
148	0.02	1.334427e+01
149	0.02	1.327834e+01
150	0.02	1.321266e+01
151	0.02	1.314739e+01
152	0.03	1.308236e+01
153	0.02	1.301775e+01
154	0.02	1.295338e+01
155	0.02	1.288940e+01
156	0.02	1.282568e+01
157	0.02	1.276235e+01
158	0.02	1.269926e+01
159	0.02	1.263655e+01
160	0.02	1.257410e+01
161	0.02	1.251202e+01
162	0.02	1.245019e+01
163	0.02	1.238872e+01
164	0.02	1.232751e+01
165	0.02	1.226665e+01
166	0.02	1.220605e+01
167	0.02	1.214580e+01
168	0.02	1.208580e+01
169	0.02	1.202614e+01
170	0.02	1.196674e+01
171	0.02	1.190767e+01
172	0.02	1.184886e+01
173	0.02	1.179038e+01
174	0.02	1.173215e+01
175	0.02	1.167425e+01
176	0.02	1.161660e+01
177	0.02	1.155927e+01
178	0.02	1.150219e+01
179	0.02	1.144543e+01
180	0.02	1.138892e+01
181	0.02	1.133272e+01
182	0.02	1.127677e+01
183	0.02	1.122112e+01
184	0.02	1.116572e+01
185	0.02	1.111063e+01
186	0.02	1.105578e+01
187	0.02	1.100122e+01
188	0.02	1.094692e+01
189	0.02	1.089290e+01
190	0.02	1.083914e+01
191	0.02	1.078565e+01
192	0.02	1.073242e+01
193	0.02	1.067946e+01
194	0.02	1.062676e+01
195	0.02	1.057432e+01
196	0.02	1.052214e+01
197	0.02	1.047022e+01
198	0.04	1.041855e+01
199	0.02	1.036714e+01
200	0.02	1.031598e+01
201	0.03	1.026509e+01
202	0.04	1.021443e+01
203	0.02	1.016403e+01
204	0.02	1.011388e+01
205	0.02	1.006398e+01
206	0.02	1.001433e+01
207	0.02	9.964915e+00
208	0.02	9.915760e+00
209	0.02	9.866826e+00
210	0.02	9.818162e+00
211	0.02	9.769708e+00
212	0.03	9.721527e+00
213	0.02	9.673550e+00
214	0.02	9.625844e+00
215	0.02	9.578340e+00
216	0.02	9.531110e+00
217	0.02	9.484068e+00
218	0.02	9.437309e+00
219	0.02	9.390726e+00
220	0.02	9.344433e+00
221	0.02	9.298303e+00
222	0.02	9.252471e+00
223	0.02	9.206792e+00
224	0.02	9.161416e+00
225	0.02	9.116182e+00
226	0.02	9.071257e+00
227	0.02	9.026467e+00
228	0.02	8.981987e+00
229	0.02	8.937643e+00
230	0.02	8.893601e+00
231	0.02	8.849696e+00
232	0.03	8.806087e+00
233	0.02	8.762615e+00
234	0.02	8.719434e+00
235	0.02	8.676391e+00
236	0.02	8.633634e+00
237	0.02	8.591017e+00
238	0.02	8.548679e+00
239	0.02	8.506483e+00
240	0.02	8.464560e+00
241	0.02	8.422781e+00
242	0.03	8.381270e+00
243	0.02	8.339903e+00
244	0.02	8.298799e+00
245	0.02	8.257841e+00
246	0.02	8.217147e+00
247	0.02	8.176587e+00
248	0.02	8.136299e+00
249	0.02	8.096133e+00
250	0.02	8.056246e+00
251	0.02	8.016471e+00
252	0.03	7.976982e+00
253	0.02	7.937592e+00
254	0.02	7.898497e+00
255	0.02	7.859491e+00
256	0.02	7.820785e+00
257	0.02	7.782163e+00
258	0.02	7.743838e+00
259	0.02	7.705597e+00
260	0.02	7.667648e+00
261	0.02	7.629784e+00
262	0.02	7.592208e+00
263	0.02	7.554718e+00
264	0.02	7.517511e+00
265	0.02	7.480390e+00
266	0.02	7.443550e+00
267	0.02	7.406794e+00
268	0.02	7.370320e+00
269	0.02	7.333922e+00
270	0.02	7.297811e+00
271	0.02	7.261772e+00
272	0.03	7.226017e+00
273	0.02	7.190336e+00
274	0.02	7.154934e+00
275	0.02	7.119605e+00
276	0.02	7.084550e+00
277	0.02	7.049570e+00
278	0.02	7.014858e+00
279	0.02	6.980224e+00
280	0.02	6.945852e+00
281	0.02	6.911560e+00
282	0.02	6.877525e+00
283	0.02	6.843571e+00
284	0.02	6.809869e+00
285	0.02	6.776251e+00
286	0.02	6.742880e+00
287	0.02	6.709594e+00
288	0.02	6.676549e+00
289	0.02	6.643592e+00
290	0.02	6.610871e+00
291	0.02	6.578239e+00
292	0.02	6.545839e+00
293	0.02	6.513529e+00
294	0.02	6.481447e+00
295	0.02	6.449456e+00
296	0.02	6.417688e+00
297	0.02	6.386013e+00
298	0.02	6.354557e+00
299	0.02	6.323194e+00
300	0.02	6.292046e+00
301	0.02	6.260996e+00
302	0.02	6.230151e+00
303	0.02	6.199414e+00
304	0.02	6.168869e+00
305	0.03	6.138441e+00
306	0.02	6.108190e+00
307	0.02	6.078068e+00
308	0.02	6.048108e+00
309	0.02	6.018288e+00
310	0.02	5.988617e+00
311	0.02	5.959095e+00
312	0.03	5.929711e+00
313	0.02	5.900485e+00
314	0.02	5.871385e+00
315	0.02	5.842452e+00
316	0.02	5.813632e+00
317	0.02	5.784988e+00
318	0.02	5.756458e+00
319	0.02	5.728096e+00
320	0.02	5.699845e+00
321	0.02	5.671762e+00
322	0.03	5.643789e+00
323	0.02	5.615982e+00
324	0.02	5.588285e+00
325	0.02	5.560751e+00
326	0.02	5.533326e+00
327	0.02	5.506062e+00
328	0.02	5.478907e+00
329	0.02	5.451912e+00
330	0.02	5.425023e+00
331	0.02	5.398293e+00
332	0.02	5.371669e+00
333	0.02	5.345202e+00
334	0.02	5.318840e+00
335	0.02	5.292632e+00
336	0.02	5.266530e+00
337	0.02	5.240580e+00
338	0.02	5.214734e+00
339	0.02	5.189039e+00
340	0.02	5.163447e+00
341	0.02	5.138005e+00
342	0.02	5.112665e+00
343	0.02	5.087473e+00
344	0.02	5.062382e+00
345	0.02	5.037437e+00
346	0.02	5.012593e+00
347	0.02	4.987894e+00
348	0.02	4.963294e+00
349	0.02	4.938837e+00
350	0.02	4.914479e+00
351	0.02	4.890263e+00
352	0.02	4.866145e+00
353	0.02	4.842167e+00
354	0.02	4.818285e+00
355	0.02	4.794543e+00
356	0.02	4.770897e+00
357	0.02	4.747387e+00
358	0.02	4.723974e+00
359	0.02	4.700696e+00
360	0.02	4.677512e+00
361	0.02	4.654463e+00
362	0.03	4.631507e+00
363	0.02	4.608685e+00
364	0.02	4.585955e+00
365	0.02	4.563357e+00
366	0.02	4.540851e+00
367	0.02	4.518474e+00
368	0.02	4.496190e+00
369	0.02	4.474033e+00
370	0.02	4.451968e+00
371	0.02	4.430029e+00
372	0.02	4.408181e+00
373	0.02	4.386458e+00
374	0.02	4.364824e+00
375	0.02	4.343315e+00
376	0.02	4.321894e+00
377	0.02	4.300596e+00
378	0.02	4.279386e+00
379	0.02	4.258297e+00
380	0.02	4.237296e+00
381	0.02	4.216414e+00
382	0.03	4.195619e+00
383	0.02	4.174943e+00
384	0.02	4.154353e+00
385	0.02	4.133880e+00
386	0.02	4.113492e+00
387	0.02	4.093221e+00
388	0.02	4.073033e+00
389	0.02	4.052961e+00
390	0.02	4.032972e+00
391	0.02	4.013097e+00
392	0.02	3.993305e+00
393	0.02	3.973625e+00
394	0.02	3.954028e+00
395	0.02	3.934542e+00
396	0.02	3.915137e+00
397	0.02	3.895842e+00
398	0.02	3.876628e+00
399	0.02	3.857523e+00
400	0.02	3.838499e+00
401	0.02	3.819581e+00
402	0.02	3.800744e+00
403	0.02	3.782012e+00
404	0.02	3.763360e+00
405	0.02	3.744813e+00
406	0.02	3.726344e+00
407	0.02	3.707979e+00
408	0.02	3.689692e+00
409	0.02	3.671508e+00
410	0.02	3.653400e+00
411	0.02	3.635395e+00
412	0.03	3.617466e+00
413	0.02	3.599637e+00
414	0.02	3.581884e+00
415	0.02	3.564231e+00
416	0.02	3.546653e+00
417	0.02	3.529173e+00
418	0.02	3.511768e+00
419	0.02	3.494460e+00
420	0.02	3.477226e+00
421	0.02	3.460088e+00
422	0.02	3.443024e+00
423	0.02	3.426054e+00
424	0.02	3.409158e+00
425	0.02	3.392355e+00
426	0.02	3.375625e+00
427	0.02	3.358988e+00
428	0.02	3.342422e+00
429	0.02	3.325948e+00
430	0.02	3.309545e+00
431	0.02	3.293233e+00
432	0.02	3.276992e+00
433	0.02	3.260840e+00
434	0.02	3.244759e+00
435	0.02	3.228766e+00
436	0.02	3.212842e+00
437	0.02	3.197007e+00
438	0.02	3.181240e+00
439	0.02	3.165560e+00
440	0.02	3.149948e+00
441	0.02	3.134423e+00
442	0.02	3.118965e+00
443	0.02	3.103592e+00
444	0.02	3.088285e+00
445	0.02	3.073064e+00
446	0.02	3.057908e+00
447	0.02	3.042836e+00
448	0.02	3.027829e+00
449	0.02	3.012906e+00
450	0.02	2.998047e+00
451	0.02	2.983269e+00
452	0.02	2.968557e+00
453	0.02	2.953925e+00
454	0.02	2.939357e+00
455	0.02	2.924869e+00
456	0.02	2.910444e+00
457	0.02	2.896098e+00
458	0.02	2.881815e+00
459	0.02	2.867611e+00
460	0.02	2.853469e+00
461	0.02	2.839404e+00
462	0.02	2.825400e+00
463	0.02	2.811474e+00
464	0.02	2.797608e+00
465	0.02	2.783819e+00
466	0.02	2.770090e+00
467	0.02	2.756436e+00
468	0.02	2.742841e+00
469	0.02	2.729322e+00
470	0.02	2.715861e+00
471	0.02	2.702475e+00
472	0.03	2.689147e+00
473	0.02	2.675891e+00
474	0.02	2.662695e+00
475	0.02	2.649570e+00
476	0.02	2.636503e+00
477	0.02	2.623507e+00
478	0.02	2.610568e+00
479	0.02	2.597700e+00
480	0.02	2.584889e+00
481	0.02	2.572148e+00
482	0.02	2.559462e+00
483	0.02	2.546846e+00
484	0.02	2.534286e+00
485	0.02	2.521794e+00
486	0.02	2.509357e+00
487	0.02	2.496987e+00
488	0.02	2.484673e+00
489	0.02	2.472425e+00
490	0.02	2.460232e+00
491	0.02	2.448105e+00
492	0.02	2.436031e+00
493	0.02	2.424023e+00
494	0.02	2.412069e+00
495	0.02	2.400179e+00
496	0.02	2.388342e+00
497	0.02	2.376569e+00
498	0.02	2.364848e+00
499	0.02	2.353191e+00
