#Iter	Time	Change
0	0.04	9.427303e+02
1	0.04	5.434651e+02
2	0.04	4.551250e+02
3	0.04	3.869192e+02
4	0.04	3.449344e+02
5	0.04	3.007412e+02
6	0.04	2.695354e+02
7	0.04	2.365405e+02
8	0.04	2.128461e+02
9	0.04	1.878011e+02
10	0.04	1.697989e+02
11	0.04	1.506961e+02
12	0.04	1.369922e+02
13	0.04	1.223321e+02
14	0.04	1.118892e+02
15	0.04	1.005757e+02
16	0.04	9.258203e+01
17	0.04	8.380133e+01
18	0.04	7.765465e+01
19	0.04	7.080599e+01
20	0.04	6.606090e+01
21	0.04	6.069270e+01
22	0.04	5.701420e+01
23	0.04	5.278573e+01
24	0.04	4.992221e+01
25	0.04	4.657480e+01
26	0.04	4.433771e+01
27	0.04	4.167171e+01
28	0.04	3.991786e+01
29	0.05	3.778203e+01
30	0.04	3.639601e+01
31	0.04	3.467431e+01
32	0.04	3.357069e+01
33	0.04	3.217459e+01
34	0.04	3.128832e+01
35	0.04	3.014912e+01
36	0.04	2.943058e+01
37	0.04	2.849486e+01
38	0.04	2.790587e+01
39	0.04	2.713195e+01
40	0.04	2.664315e+01
41	0.05	2.599838e+01
42	0.05	2.558729e+01
43	0.04	2.504607e+01
44	0.04	2.469545e+01
45	0.04	2.423758e+01
46	0.04	2.393416e+01
47	0.04	2.354367e+01
48	0.04	2.327721e+01
49	0.04	2.294142e+01
50	0.04	2.270404e+01
51	0.04	2.241285e+01
52	0.04	2.219846e+01
53	0.04	2.194378e+01
54	0.04	2.174770e+01
55	0.04	2.152304e+01
56	0.04	2.134219e+01
57	0.04	2.114180e+01
58	0.04	2.097366e+01
59	0.04	2.079351e+01
60	0.04	2.063618e+01
61	0.04	2.047222e+01
62	0.04	2.032498e+01
63	0.04	2.017359e+01
64	0.04	2.003547e+01
65	0.04	1.989456e+01
66	0.04	1.976397e+01
67	0.04	1.963147e+01
68	0.04	1.950718e+01
69	0.04	1.938134e+01
70	0.04	1.926242e+01
71	0.04	1.914229e+01
72	0.04	1.902799e+01
73	0.04	1.891277e+01
74	0.04	1.880249e+01
75	0.04	1.869152e+01
76	0.04	1.858475e+01
77	0.04	1.847750e+01
78	0.04	1.837383e+01
79	0.04	1.826985e+01
80	0.04	1.816892e+01
81	0.04	1.806784e+01
82	0.04	1.796937e+01
83	0.04	1.787088e+01
84	0.04	1.777462e+01
85	0.04	1.767848e+01
86	0.04	1.758422e+01
87	0.04	1.749018e+01
88	0.04	1.739775e+01
89	0.04	1.730565e+01
90	0.04	1.721489e+01
91	0.04	1.712455e+01
92	0.04	1.703535e+01
93	0.04	1.694664e+01
94	0.04	1.685889e+01
95	0.04	1.677168e+01
96	0.04	1.668530e+01
97	0.04	1.659948e+01
98	0.04	1.651439e+01
99	0.04	1.642989e+01
100	0.04	1.634600e+01
101	0.04	1.626275e+01
102	0.04	1.618001e+01
103	0.04	1.609794e+01
104	0.04	1.601631e+01
105	0.04	1.593535e+01
106	0.04	1.585477e+01
107	0.04	1.577487e+01
108	0.04	1.569529e+01
109	0.04	1.561641e+01
110	0.04	1.553781e+01
111	0.04	1.545990e+01
112	0.04	1.538223e+01
113	0.04	1.530527e+01
114	0.04	1.522851e+01
115	0.04	1.515246e+01
116	0.04	1.507658e+01
117	0.04	1.500141e+01
118	0.04	1.492639e+01
119	0.04	1.485208e+01
120	0.04	1.477789e+01
121	0.04	1.470441e+01
122	0.04	1.463104e+01
123	0.04	1.455837e+01
124	0.04	1.448580e+01
125	0.04	1.441392e+01
126	0.04	1.434214e+01
127	0.04	1.427104e+01
128	0.04	1.420002e+01
129	0.04	1.412967e+01
130	0.04	1.405941e+01
131	0.04	1.398981e+01
132	0.04	1.392028e+01
133	0.04	1.385141e+01
134	0.04	1.378261e+01
135	0.04	1.371446e+01
136	0.04	1.364637e+01
137	0.04	1.357893e+01
138	0.04	1.351154e+01
139	0.04	1.344480e+01
140	0.04	1.337810e+01
141	0.04	1.331204e+01
142	0.04	1.324603e+01
143	0.04	1.318064e+01
144	0.04	1.311531e+01
145	0.04	1.305059e+01
146	0.04	1.298592e+01
147	0.04	1.292185e+01
148	0.04	1.285783e+01
149	0.04	1.279441e+01
150	0.04	1.273105e+01
151	0.04	1.266827e+01
152	0.04	1.260554e+01
153	0.04	1.254339e+01
154	0.04	1.248130e+01
155	0.04	1.241977e+01
156	0.04	1.235832e+01
157	0.04	1.229739e+01
158	0.04	1.223656e+01
159	0.04	1.217624e+01
160	0.05	1.211602e+01
161	0.04	1.205630e+01
162	0.04	1.199669e+01
163	0.04	1.193756e+01
164	0.04	1.187855e+01
165	0.04	1.182000e+01
166	0.04	1.176158e+01
167	0.04	1.170363e+01
168	0.04	1.164579e+01
169	0.04	1.158844e+01
170	0.04	1.153116e+01
171	0.04	1.147439e+01
172	0.04	1.141767e+01
173	0.04	1.136148e+01
174	0.04	1.130530e+01
175	0.04	1.124969e+01
176	0.04	1.119405e+01
177	0.04	1.113900e+01
178	0.04	1.108390e+01
179	0.04	1.102941e+01
180	0.04	1.097485e+01
181	0.04	1.092091e+01
182	0.04	1.086689e+01
183	0.04	1.081349e+01
184	0.04	1.076002e+01
185	0.04	1.070713e+01
186	0.04	1.065420e+01
187	0.04	1.060183e+01
188	0.04	1.054943e+01
189	0.04	1.049757e+01
190	0.04	1.044569e+01
191	0.04	1.039434e+01
192	0.04	1.034297e+01
193	0.04	1.029213e+01
194	0.04	1.024127e+01
195	0.04	1.019092e+01
196	0.04	1.014057e+01
197	0.04	1.009071e+01
198	0.04	1.004086e+01
199	0.04	9.991494e+00
200	0.04	9.942138e+00
201	0.04	9.893252e+00
202	0.03	9.844387e+00
203	0.04	9.795979e+00
204	0.04	9.747599e+00
205	0.04	9.699665e+00
206	0.04	9.651765e+00
207	0.04	9.604299e+00
208	0.04	9.556874e+00
209	0.04	9.509873e+00
210	0.04	9.462918e+00
211	0.04	9.416377e+00
212	0.04	9.369888e+00
213	0.04	9.323801e+00
214	0.04	9.277773e+00
215	0.04	9.232137e+00
216	0.04	9.186565e+00
217	0.04	9.141376e+00
218	0.06	9.096254e+00
219	0.04	9.051508e+00
220	0.05	9.006833e+00
221	0.04	8.962524e+00
222	0.04	8.918292e+00
223	0.04	8.874416e+00
224	0.04	8.830622e+00
225	0.04	8.787176e+00
226	0.04	8.743814e+00
227	0.04	8.700794e+00
228	0.04	8.657861e+00
229	0.04	8.615261e+00
230	0.04	8.572754e+00
231	0.04	8.530571e+00
232	0.04	8.488483e+00
233	0.04	8.446713e+00
234	0.04	8.405042e+00
235	0.04	8.363681e+00
236	0.04	8.322421e+00
237	0.04	8.281465e+00
238	0.04	8.240613e+00
239	0.04	8.200058e+00
240	0.04	8.159610e+00
241	0.04	8.119452e+00
242	0.04	8.079403e+00
243	0.04	8.039638e+00
244	0.04	7.999985e+00
245	0.04	7.960609e+00
246	0.04	7.921348e+00
247	0.04	7.882358e+00
248	0.04	7.843485e+00
249	0.04	7.804876e+00
250	0.04	7.766387e+00
251	0.04	7.728156e+00
252	0.04	7.690047e+00
253	0.04	7.652191e+00
254	0.04	7.614457e+00
255	0.04	7.576973e+00
256	0.04	7.539611e+00
257	0.04	7.502494e+00
258	0.04	7.465501e+00
259	0.04	7.428747e+00
260	0.04	7.392120e+00
261	0.04	7.355726e+00
262	0.04	7.319459e+00
263	0.04	7.283422e+00
264	0.04	7.247514e+00
265	0.04	7.211829e+00
266	0.04	7.176275e+00
267	0.04	7.140941e+00
268	0.04	7.105737e+00
269	0.04	7.070749e+00
270	0.04	7.035892e+00
271	0.04	7.001247e+00
272	0.04	6.966734e+00
273	0.04	6.932428e+00
274	0.04	6.898256e+00
275	0.04	6.864286e+00
276	0.04	6.830451e+00
277	0.04	6.796814e+00
278	0.04	6.763312e+00
279	0.04	6.730005e+00
280	0.04	6.696834e+00
281	0.04	6.663853e+00
282	0.04	6.631008e+00
283	0.04	6.598351e+00
284	0.04	6.565830e+00
285	0.04	6.533493e+00
286	0.04	6.501293e+00
287	0.04	6.469273e+00
288	0.04	6.437389e+00
289	0.04	6.405684e+00
290	0.04	6.374114e+00
291	0.04	6.342720e+00
292	0.04	6.311461e+00
293	0.04	6.280374e+00
294	0.04	6.249424e+00
295	0.04	6.218642e+00
296	0.04	6.187996e+00
297	0.04	6.157516e+00
298	0.04	6.127173e+00
299	0.04	6.096991e+00
300	0.04	6.066947e+00
301	0.04	6.037061e+00
302	0.04	6.007313e+00
303	0.04	5.977721e+00
304	0.04	5.948265e+00
305	0.04	5.918963e+00
306	0.04	5.889797e+00
307	0.04	5.860783e+00
308	0.04	5.831904e+00
309	0.04	5.803174e+00
310	0.04	5.774580e+00
311	0.04	5.746132e+00
312	0.04	5.717820e+00
313	0.04	5.689651e+00
314	0.04	5.661617e+00
315	0.04	5.633725e+00
316	0.04	5.605967e+00
317	0.04	5.578348e+00
318	0.04	5.550863e+00
319	0.04	5.523516e+00
320	0.04	5.496301e+00
321	0.04	5.469222e+00
322	0.04	5.442276e+00
323	0.04	5.415462e+00
324	0.04	5.388781e+00
325	0.04	5.362231e+00
326	0.04	5.335812e+00
327	0.04	5.309522e+00
328	0.04	5.283364e+00
329	0.04	5.257332e+00
330	0.04	5.231431e+00
331	0.04	5.205655e+00
332	0.04	5.180009e+00
333	0.04	5.154485e+00
334	0.04	5.129092e+00
335	0.04	5.103819e+00
336	0.04	5.078675e+00
337	0.04	5.053650e+00
338	0.04	5.028754e+00
339	0.04	5.003975e+00
340	0.04	4.979324e+00
341	0.04	4.954788e+00
342	0.04	4.930379e+00
343	0.04	4.906084e+00
344	0.04	4.881915e+00
345	0.04	4.857859e+00
346	0.04	4.833928e+00
347	0.04	4.810107e+00
348	0.04	4.786412e+00
349	0.04	4.762825e+00
350	0.04	4.739363e+00
351	0.04	4.716008e+00
352	0.04	4.692777e+00
353	0.04	4.669651e+00
354	0.04	4.646648e+00
355	0.04	4.623749e+00
356	0.04	4.600973e+00
357	0.04	4.578299e+00
358	0.04	4.555747e+00
359	0.04	4.533295e+00
360	0.04	4.510965e+00
361	0.04	4.488734e+00
362	0.04	4.466623e+00
363	0.04	4.444611e+00
364	0.04	4.422717e+00
365	0.04	4.400921e+00
366	0.04	4.379243e+00
367	0.04	4.357660e+00
368	0.04	4.336195e+00
369	0.04	4.314825e+00
370	0.04	4.293571e+00
371	0.04	4.272411e+00
372	0.04	4.251366e+00
373	0.04	4.230413e+00
374	0.04	4.209576e+00
375	0.04	4.188829e+00
376	0.04	4.168196e+00
377	0.04	4.147653e+00
378	0.04	4.127223e+00
379	0.04	4.106882e+00
380	0.04	4.086653e+00
381	0.04	4.066511e+00
382	0.04	4.046481e+00
383	0.04	4.026537e+00
384	0.04	4.006704e+00
385	0.04	3.986956e+00
386	0.04	3.967318e+00
387	0.04	3.947764e+00
388	0.04	3.928320e+00
389	0.04	3.908958e+00
390	0.04	3.889704e+00
391	0.04	3.870532e+00
392	0.04	3.851468e+00
393	0.04	3.832485e+00
394	0.04	3.813608e+00
395	0.04	3.794811e+00
396	0.04	3.776120e+00
397	0.04	3.757508e+00
398	0.04	3.739000e+00
399	0.04	3.720571e+00
400	0.04	3.702245e+00
401	0.04	3.683997e+00
402	0.04	3.665852e+00
403	0.04	3.647783e+00
404	0.04	3.629816e+00
405	0.04	3.611924e+00
406	0.04	3.594134e+00
407	0.04	3.576418e+00
408	0.04	3.558803e+00
409	0.04	3.541261e+00
410	0.04	3.523819e+00
411	0.04	3.506450e+00
412	0.04	3.489179e+00
413	0.04	3.471980e+00
414	0.04	3.454880e+00
415	0.04	3.437850e+00
416	0.04	3.420917e+00
417	0.04	3.404055e+00
418	0.04	3.387289e+00
419	0.04	3.370592e+00
420	0.04	3.353990e+00
421	0.04	3.337458e+00
422	0.04	3.321020e+00
423	0.04	3.304649e+00
424	0.04	3.288373e+00
425	0.04	3.272163e+00
426	0.04	3.256047e+00
427	0.04	3.239996e+00
428	0.04	3.224039e+00
429	0.04	3.208146e+00
430	0.04	3.192345e+00
431	0.04	3.176609e+00
432	0.04	3.160963e+00
433	0.04	3.145381e+00
434	0.04	3.129889e+00
435	0.04	3.114460e+00
436	0.04	3.099121e+00
437	0.04	3.083844e+00
438	0.04	3.068655e+00
439	0.04	3.053528e+00
440	0.04	3.038489e+00
441	0.04	3.023510e+00
442	0.04	3.008619e+00
443	0.04	2.993788e+00
444	0.04	2.979042e+00
445	0.04	2.964357e+00
446	0.04	2.949757e+00
447	0.04	2.935216e+00
448	0.04	2.920759e+00
449	0.04	2.906361e+00
450	0.04	2.892046e+00
451	0.04	2.877789e+00
452	0.04	2.863615e+00
453	0.04	2.849499e+00
454	0.04	2.835464e+00
455	0.04	2.821486e+00
456	0.04	2.807590e+00
457	0.04	2.793749e+00
458	0.04	2.779989e+00
459	0.04	2.766285e+00
460	0.04	2.752660e+00
461	0.04	2.739090e+00
462	0.04	2.725600e+00
463	0.04	2.712163e+00
464	0.04	2.698805e+00
465	0.04	2.685501e+00
466	0.04	2.672274e+00
467	0.04	2.659100e+00
468	0.04	2.646003e+00
469	0.04	2.632959e+00
470	0.04	2.619991e+00
471	0.04	2.607075e+00
472	0.04	2.594234e+00
473	0.04	2.581445e+00
474	0.04	2.568731e+00
475	0.04	2.556068e+00
476	0.04	2.543478e+00
477	0.04	2.530939e+00
478	0.04	2.518474e+00
479	0.04	2.506058e+00
480	0.04	2.493715e+00
481	0.04	2.481421e+00
482	0.04	2.469200e+00
483	0.04	2.457027e+00
484	0.04	2.444925e+00
485	0.04	2.432872e+00
486	0.04	2.420889e+00
487	0.04	2.408955e+00
488	0.04	2.397090e+00
489	0.04	2.385272e+00
490	0.04	2.373524e+00
491	0.04	2.361823e+00
492	0.04	2.350190e+00
493	0.04	2.338604e+00
494	0.04	2.327085e+00
495	0.04	2.315613e+00
496	0.04	2.304208e+00
497	0.04	2.292848e+00
498	0.04	2.281555e+00
499	0.04	2.270307e+00
