#Iter	Time	Change
0	0.00	2.130831e+02
1	0.00	7.608516e+01
2	0.00	4.902817e+01
3	0.00	3.999547e+01
4	0.00	3.220957e+01
5	0.00	2.865977e+01
6	0.00	2.500953e+01
7	0.00	2.283350e+01
8	0.00	2.046989e+01
9	0.00	1.881416e+01
10	0.00	1.706899e+01
11	0.00	1.571670e+01
12	0.00	1.431582e+01
13	0.00	1.316478e+01
14	0.00	1.200848e+01
15	0.00	1.102380e+01
16	0.00	1.006447e+01
17	0.00	9.224739e+00
18	0.00	8.426649e+00
19	0.00	7.713637e+00
20	0.00	7.044686e+00
21	0.00	6.440800e+00
22	0.00	5.880576e+00
23	0.00	5.370180e+00
24	0.00	4.902412e+00
25	0.00	4.472631e+00
26	0.00	4.083214e+00
27	0.00	3.722107e+00
28	0.00	3.398777e+00
29	0.00	3.095866e+00
30	0.00	2.828013e+00
31	0.00	2.574209e+00
32	0.00	2.352708e+00
33	0.00	2.140231e+00
34	0.00	1.957351e+00
35	0.00	1.779622e+00
36	0.00	1.628769e+00
37	0.00	1.480226e+00
38	0.00	1.355851e+00
39	0.00	1.231692e+00
40	0.00	1.129244e+00
41	0.00	1.025464e+00
42	0.00	9.411934e-01
43	0.00	8.544290e-01
44	0.00	7.850931e-01
45	0.00	7.125311e-01
46	0.00	6.555216e-01
47	0.00	5.948075e-01
48	0.00	5.479543e-01
49	0.00	4.971275e-01
50	0.00	4.586375e-01
51	0.00	4.160676e-01
52	0.00	3.844553e-01
53	0.00	3.487813e-01
54	0.00	3.228261e-01
55	0.00	2.929122e-01
56	0.00	2.716074e-01
57	0.00	2.465060e-01
58	0.00	2.290220e-01
59	0.00	2.079458e-01
60	0.00	1.936030e-01
61	0.00	1.758855e-01
62	0.00	1.641211e-01
63	0.00	1.492118e-01
64	0.00	1.395621e-01
65	0.00	1.270033e-01
66	0.00	1.190872e-01
67	0.00	1.084970e-01
68	0.00	1.020013e-01
69	0.00	9.306050e-02
70	0.00	8.772826e-02
71	0.00	8.017021e-02
72	0.00	7.579038e-02
73	0.00	6.939230e-02
74	0.00	6.579178e-02
75	0.00	6.036739e-02
76	0.00	5.740423e-02
77	0.00	5.279777e-02
78	0.00	5.035564e-02
79	0.00	4.643676e-02
80	0.00	4.442037e-02
81	0.00	4.107998e-02
82	0.00	3.941131e-02
83	0.00	3.655805e-02
84	0.00	3.517325e-02
85	0.00	3.273056e-02
86	0.00	3.157745e-02
87	0.00	2.948116e-02
88	0.00	2.851705e-02
89	0.00	2.671333e-02
90	0.00	2.590339e-02
91	0.00	2.434706e-02
92	0.00	2.366285e-02
93	0.00	2.231595e-02
94	0.00	2.173429e-02
95	0.00	2.056492e-02
96	0.00	2.006692e-02
97	0.00	1.904826e-02
98	0.00	1.861853e-02
99	0.00	1.772799e-02
100	0.00	1.735403e-02
101	0.00	1.657259e-02
102	0.00	1.624422e-02
103	0.00	1.555584e-02
104	0.00	1.526482e-02
105	0.00	1.465596e-02
106	0.00	1.439559e-02
107	0.00	1.385483e-02
108	0.00	1.361967e-02
109	0.00	1.313734e-02
110	0.00	1.292302e-02
111	0.00	1.249093e-02
112	0.00	1.229389e-02
113	0.00	1.190512e-02
114	0.00	1.172249e-02
115	0.00	1.137116e-02
116	0.00	1.120062e-02
117	0.00	1.088174e-02
118	0.00	1.072143e-02
119	0.00	1.043075e-02
120	0.00	1.027917e-02
121	0.00	1.001307e-02
122	0.00	9.869002e-03
123	0.00	9.624398e-03
124	0.00	9.486875e-03
125	0.00	9.261135e-03
126	0.00	9.129367e-03
127	0.00	8.920239e-03
128	0.00	8.793594e-03
129	0.00	8.599146e-03
130	0.00	8.477114e-03
131	0.00	8.295689e-03
132	0.00	8.177857e-03
133	0.00	8.008030e-03
134	0.00	7.894062e-03
135	0.00	7.734603e-03
136	0.00	7.624227e-03
137	0.00	7.474076e-03
138	0.00	7.367067e-03
139	0.00	7.225304e-03
140	0.00	7.121477e-03
141	0.00	6.987306e-03
142	0.00	6.886506e-03
143	0.00	6.759232e-03
144	0.00	6.661329e-03
145	0.00	6.540347e-03
146	0.00	6.445229e-03
147	0.00	6.330009e-03
148	0.00	6.237578e-03
149	0.00	6.127657e-03
150	0.00	6.037827e-03
151	0.00	5.932795e-03
152	0.00	5.845489e-03
153	0.00	5.744985e-03
154	0.00	5.660132e-03
155	0.00	5.563836e-03
156	0.00	5.481371e-03
157	0.00	5.388999e-03
158	0.00	5.308861e-03
159	0.00	5.220160e-03
160	0.00	5.142289e-03
161	0.00	5.057031e-03
162	0.00	4.981372e-03
163	0.00	4.899354e-03
164	0.00	4.825852e-03
165	0.00	4.746889e-03
166	0.00	4.675493e-03
167	0.00	4.599418e-03
168	0.00	4.530075e-03
169	0.00	4.456738e-03
170	0.00	4.389398e-03
171	0.00	4.318660e-03
172	0.00	4.253273e-03
173	0.00	4.185007e-03
174	0.00	4.121524e-03
175	0.00	4.055615e-03
176	0.00	3.993988e-03
177	0.00	3.930328e-03
178	0.00	3.870510e-03
179	0.00	3.809000e-03
180	0.00	3.750943e-03
181	0.00	3.691492e-03
182	0.00	3.635149e-03
183	0.00	3.577671e-03
184	0.00	3.522998e-03
185	0.00	3.467413e-03
186	0.00	3.414365e-03
187	0.00	3.360598e-03
188	0.00	3.309131e-03
189	0.00	3.257111e-03
190	0.00	3.207181e-03
191	0.00	3.156843e-03
192	0.00	3.108408e-03
193	0.00	3.059688e-03
194	0.00	3.012707e-03
195	0.00	2.965546e-03
196	0.00	2.919978e-03
197	0.00	2.874321e-03
198	0.00	2.830125e-03
199	0.00	2.785918e-03
200	0.00	2.743056e-03
201	0.00	2.700248e-03
202	0.00	2.658681e-03
203	0.00	2.617225e-03
204	0.00	2.576916e-03
205	0.00	2.536764e-03
206	0.00	2.497677e-03
207	0.00	2.458785e-03
208	0.00	2.420884e-03
209	0.00	2.383211e-03
210	0.00	2.346461e-03
211	0.00	2.309966e-03
212	0.00	2.274333e-03
213	0.00	2.238977e-03
214	0.00	2.204429e-03
215	0.00	2.170175e-03
216	0.00	2.136679e-03
217	0.00	2.103490e-03
218	0.00	2.071015e-03
219	0.00	2.038858e-03
220	0.00	2.007374e-03
221	0.00	1.976215e-03
222	0.00	1.945691e-03
223	0.00	1.915499e-03
224	0.00	1.885908e-03
225	0.00	1.856650e-03
226	0.00	1.827963e-03
227	0.00	1.799611e-03
228	0.00	1.771801e-03
229	0.00	1.744326e-03
230	0.00	1.717367e-03
231	0.00	1.690741e-03
232	0.00	1.664606e-03
233	0.00	1.638803e-03
234	0.00	1.613468e-03
235	0.00	1.588461e-03
236	0.00	1.563902e-03
237	0.00	1.539667e-03
238	0.00	1.515860e-03
239	0.00	1.492372e-03
240	0.00	1.469294e-03
241	0.00	1.446531e-03
242	0.00	1.424160e-03
243	0.00	1.402098e-03
244	0.00	1.380413e-03
245	0.00	1.359030e-03
246	0.00	1.338010e-03
247	0.00	1.317286e-03
248	0.00	1.296910e-03
249	0.00	1.276825e-03
250	0.00	1.257073e-03
251	0.00	1.237606e-03
252	0.00	1.218461e-03
253	0.00	1.199592e-03
254	0.00	1.181034e-03
255	0.00	1.162747e-03
256	0.00	1.144758e-03
257	0.00	1.127033e-03
258	0.00	1.109596e-03
259	0.00	1.092416e-03
260	0.00	1.075514e-03
261	0.00	1.058863e-03
262	0.00	1.042479e-03
263	0.00	1.026340e-03
264	0.00	1.010460e-03
265	0.00	9.948163e-04
