4149
10924
915
2650
4103
57127
26585
23276
84079
56949
6400
5354
6491
6631
10572
8995
23231
6921
92579
92211
3174
9637
9506
7475
6132
386724
25770
29028
54840
262
1311
10444
3868
5563
90956
10272
2252
57665
220965
55351
9247
905
474343
10603
11153
26234
6192
8547
5616
3744
10331
9738
6756
185
10284
29122
54505
114
1087
8491
81847
1389
9473
4922
128553
6398
54974
79905
22878
79863
10553
54466
8748
79147
7258
285203
2835
220134
7156
1783
55326
79842
65250
51334
1030
64375
51397
163486
58986
5148
51499
1259
63973
56171
474
3170
79896
56062
2618
8570
51542
4848
1950
9015
7625
29079
1828
8318
55752
4807
65084
57332
8813
253943
55851
5147
79862
11240
7332
4761
3783
6528
9156
80218
79586
10978
79927
54478
2863
4626
56616
6572
2123
79025
590
55726
3217
661
23178
11342
3621
55506
56673
112869
2569
6343
51569
6751
29780
4815
26576
5199
80034
2069
27334
579
90333
55143
79797
7110
5929
414
399665
55156
5476
26998
22841
8468
25970
29802
79846
9101
6164
9182
5634
60506
28962
9141
4528
7748
30827
3231
26279
976
27112
79690
51026
28960
4094
7080
23322
5982
1145
55119
10141
9439
6493
57198
81490
55337
11315
8226
6799
11147
9791
55086
3222
23247
5573
4669
26229
8790
6698
5966
1497
10826
102
26085
11172
2783
6240
6508
57003
25792
64091
23253
3643
3218
56996
1181
8446
57185
2765
55662
6096
8501
55653
64225
913
4099
60493
9057
64397
6944
4100
11201
1955
57498
6302
4330
64321
9731
54491
11061
2641
55786
5346
53637
5624
79954
6845
51226
23198
3626
54858
80256
57089
7421
29919
55974
56156
3820
10311
11070
56672
79654
5289
51015
8776
10602
81839
25983
57165
27330
5577
148229
6010
9135
26503
216
23517
83439
2843
9076
58511
9669
94104
29959
51559
54877
10825
25844
81796
3563
2315
51002
10578
80304
54738
26253
285282
54463
2218
306
808
79876
6318
56548
91949
3175
7291
56000
56901
55435
65260
54207
57402
3199
4295
4825
55422
80774
25960
23608
11179
11130
11056
339479
29761
55501
6658
3848
9322
2688
55164
11264
10282
486
54529
991
5318
10660
51631
5424
795
1635
8467
54892
1121
60489
57333
10730
3658
161424
56906
81609
79760
2637
64175
10523
145389
10179
932
1538
56882
9619
57404
1833
3161
225
51561
6484
83461
51520
9183
93081
23325
5422
6388
2077
51759
5858
79817
881
11066
25879
55892
5279
9812
6474
9054
56
57149
8717
25898
2952
26123
22934
54850
9889
55014
10481
8906
4605
51321
79647
862
79934
64132
3562
7841
26284
8100
55716
3381
8269
54482
27345
79738
9217
27290
3860
23614
6051
59272
8209
55713
79088
7453
25936
8668
10560
24137
55614
1479
57209
57187
57579
51279
55071
4062
23076
23547
7584
149986
9351
6794
55364
9787
7718
4703
56889
10045
11340
80704
164
6166
7175
27036
23515
6549
51087
2306
4957
51109
51458
3972
57115
57515
55683
5897
1370
1912
10945
7634
23193
4236
645
56006
55661
55279
10961
55010
4887
2764
55704
6923
50862
10199
7544
79778
928
126231
57728
10753
79172
23042
2328
55139
7737
50833
54149
3642
4242
10734
2275
10778
23635
5868
1134
8896
9127
54819
8560
79053
79924
150160
7392
84951
3313
223117
152185
55179
5568
9632
54980
30012
56914
10427
57122
55954
4234
9352
54879
26872
9557
54820
6668
23172
23774
1101
171392
30
662
23569
79822
387032
25801
3110
9202
6607
9837
4593
80059
56890
30836
4137
22832
161291
8476
60370
9088
55284
27107
54788
794
10913
687
4589
9917
9189
10906
54802
7096
51307
7024
83729
8760
60496
9517
7288
1470
50626
8369
9306
56159
55147
2299
6703
1968
4829
4958
79982
55283
2832
7026
4507
23421
6272
57096
79073
23484
4595
26266
57405
3104
23531
10153
3827
79598
5731
4069
58510
116039
6168
90355
9704
10927
2691
5456
7006
23412
10230
3700
29880
10393
55175
8787
51380
51068
728642
2110
79731
6570
1677
26039
29937
496
5311
427
80380
9313
53905
10810
5639
9232
10087
7551
79848
8968
55253
8342
56894
64582
54465
5663
10464
79782
10857
10521
8718
10750
10473
60401
64411
8233
374354
3651
23309
10525
1104
7301
81833
8708
11184
1469
54328
51097
51719
55295
26065
146909
10025
80133
23460
4336
7112
79624
2128
57826
7818
6789
1559
10151
23787
3909
56287
6017
60686
5309
1785
3818
285672
8539
5981
2356
916
9364
63895
54468
54680
51324
6339
6897
90411
724102
3816
8528
55088
57092
4685
6888
1088
10144
5252
1510
79140
215
30837
11082
9635
27000
5319
26108
1856
79094
1103
3024
9446
64858
56979
9653
9119
554313
64418
6723
5469
26519
23310
54344
81545
23633
222658
28513
909
8690
2649
5723
440738
4625
26255
7039
3248
5956
4437
80323
4888
4923
2118
51444
9317
91355
9043
79866
7738
3131
158586
26190
389898
54363
53635
10807
1810
55101
5973
5284
29071
23603
10485
7812
10298
1014
56851
171023
6782
4142
4082
80055
23495
2220
64180
91442
11168
56910
51170
8648
11045
2035
10637
79850
1443
6362
3177
917
7188
1048
56667
54585
23035
10897
6443
2019
8464
7965
55157
5108
1729
79745
6540
2294
55103
55293
79171
5701
57711
22890
10694
6988
55703
93487
23639
7678
7319
25823
5545
3416
1178
2760
79591
51659
54676
5495
27258
29899
60485
25920
2624
64863
23256
80204
2984
55652
971
347853
1339
729355
64844
9675
53358
51406
23028
79810
190
10617
3565
79703
366
6748
81932
399
2295
5050
5172
6822
23360
729991
23301
4174
1755
3884
6769
79074
55314
6521
768
79879
283459
55630
4613
29909
55421
55120
2146
6675
81890
130074
443
55032
10180
8204
25878
261726
10406
11211
29966
347344
1801
55832
64422
25839
34
9139
8712
3755
2741
9984
10917
326
1519
135948
29803
30009
1891
392
27231
6886
64693
6882
117246
79744
353500
9287
8241
79036
7125
6550
475
353189
55589
11094
3357
653689
282808
65095
10926
51691
11335
22887
7367
54886
2644
84272
1314
2304
56005
54988
8559
5481
8549
10953
51314
79675
959
1146
2531
79840
4110
55856
2959
3249
3004
55142
7329
8772
5168
55761
153
59338
23155
3445
373156
8706
64747
3817
