2984
54819
8269
51174
51398
54980
2835
64063
282808
8284
1030
2958
51149
1762
56913
9077
1234
29803
23308
1760
80208
55247
10165
80032
128553
726
1757
7124
51588
3512
1389
7248
54544
390892
5634
3036
27005
54974
23517
8968
5616
90586
8578
4322
55746
974
51635
10786
3860
8468
60385
23495
11153
29094
1470
79752
55313
56605
5731
10025
7348
1627
29028
29072
79954
285282
64284
3868
56000
11061
29951
201254
4010
54877
6570
6756
638
1378
6746
323
1907
7556
54900
768
1828
740
844
9294
23276
3697
22818
566
3212
4703
729355
55057
777
79147
2123
30009
56979
23016
9473
79727
1675
25823
1729
51334
79170
51458
79983
1755
63877
63970
54814
51052
57082
55344
729991
51411
55129
745
161291
6343
55319
7112
3990
8796
50626
2996
1945
440738
2538
10665
283298
53841
64091
56729
440387
23732
51208
250
3083
10603
6865
8547
55421
3770
54363
10298
222658
3817
27290
11280
415
1406
23270
6572
24141
10917
51750
3218
4832
117178
6201
5901
150160
8074
157567
83483
64065
5161
3110
5076
7634
6900
3172
4656
29113
64089
29966
9419
56906
6927
51514
148229
29081
79774
79903
9633
221395
63923
640
81030
11340
80724
2862
3744
360
2591
64175
3207
9971
2277
7542
3080
6658
130872
56159
25888
2048
28954
91442
23048
60526
116151
9092
55274
55228
3024
1306
554313
79694
4544
57706
10219
25821
9704
6191
10734
64446
5172
3043
80705
25988
1482
27036
11345
8318
59342
3581
51668
1515
54103
4241
9949
1207
3565
51097
495
219699
112869
9611
57473
29914
1308
56673
5956
9214
79905
2525
3617
79846
6632
1607
23460
2218
1440
9022
10575
55325
64388
6915
3603
10882
25972
4605
7353
7161
51309
10159
3884
8581
3957
6406
5075
9947
51284
22849
9824
59353
6557
27231
23549
56667
54148
55065
79701
90379
55217
55975
79848
83447
57228
6493
10908
7702
79624
1101
51144
2243
1447
139081
9185
57127
59272
10232
54905
4595
9546
51312
79598
7409
9851
51561
4922
4049
5167
23366
347853
8999
29889
84034
5160
5435
23637
8655
9698
10897
6753
2339
59351
55117
8187
9665
8510
80704
64215
5279
51343
4486
7168
3360
79962
51170
11238
2980
4361
79586
53904
4174
10555
29930
51332
55863
9675
80111
79934
64748
56891
3364
55175
79025
55785
116039
1287
51626
23119
171023
64787
7380
6646
51531
23569
55173
333
64100
2000
55703
9360
25801
80135
1059
135138
577
10233
26952
525
3340
54626
53405
253943
58510
57613
55716
56992
80316
8392
6414
51283
9120
25957
399
11179
55015
83463
23468
765
152559
9313
5966
55321
10988
11060
57158
3248
7083
3932
3676
3508
11342
6621
10299
9247
8749
6428
11019
8560
55503
6346
79989
54821
8858
56676
10813
57212
79842
57818
84658
5082
5147
55051
222487
3174
164656
55124
1048
9184
10481
7574
10209
7092
10388
64232
25984
9122
56652
10047
26130
1785
26280
60370
55106
6561
7058
79711
54629
8852
54466
2986
3476
23041
5680
25878
9631
10332
8882
959
54863
95
10107
6921
10311
27330
55248
7173
3762
7551
57149
23446
2069
30848
2875
23708
11021
6358
79862
23529
54811
9506
1311
10732
3674
810
64693
1787
6736
11161
10316
6888
56475
1146
10595
9038
4739
4647
8789
6568
50617
26184
4057
3937
93594
60506
2981
285672
25839
26085
29880
2700
5896
5650
23365
163486
51280
343
1671
5004
9512
6580
487
3357
55867
57763
23439
51156
54478
2852
4242
55007
9447
2054
797
3818
4091
22990
8748
1761
63928
55554
10225
56616
26998
6289
64411
56882
10042
5456
9830
54471
55131
8942
735
10482
3047
932
129080
924
11126
284904
4014
140578
928
23430
2569
4882
5309
7818
779
26253
11082
229
51187
283459
11040
2959
9652
5568
55010
5199
10880
158747
80013
10549
3750
1902
3200
29802
57380
7485
8876
54020
4892
23547
5511
23767
51207
221830
6528
22985
6045
442186
56006
54959
8736
64425
78988
140462
7596
1758
1134
23404
3001
2444
1290
55119
79778
23190
23385
643
89
7258
51719
256949
56672
6367
3853
8148
10952
7879
10329
94104
15
23064
8879
55954
29855
10446
51338
53832
28998
9493
55088
4064
6361
22878
1538
26098
55862
669
79609
51475
6569
10523
6167
6370
23172
55974
7098
5545
55909
2196
55726
4759
2741
9926
7535
55288
8825
10149
10208
23546
6655
4285
24137
27136
4902
4320
2797
5078
6635
635
64066
5313
55701
4253
79631
79908
81894
2548
8989
54839
26538
23350
79733
2709
55259
7006
6318
9837
171017
5395
23627
78989
27334
170679
8688
6999
79948
6786
23360
27288
5325
2695
10281
6579
26287
79587
6192
51542
4250
79802
3645
5553
7773
8192
6401
2303
1833
79837
2273
10151
55752
9322
7054
9168
3131
4007
689
3827
145389
54474
27098
30813
26255
79083
9125
81569
54802
4593
79085
23281
3198
10393
27258
29919
79169
10536
7543
9537
3242
8559
1950
60529
10162
831
3381
1577
3219
64579
2125
51806
2658
23491
27039
64106
4440
6504
30835
10422
1236
26548
11269
80036
4958
25983
80304
1063
2327
10637
9937
2689
4105
57020
55214
22
9351
6683
50836
55432
8045
80273
6123
1632
9725
9802
5105
8993
2780
11317
80019
29091
29995
9774
84296
29115
79368
8995
29974
30837
2253
2745
10736
22835
9518
25799
10428
3549
4142
10592
9119
79850
83480
2672
54
8726
1548
55063
6425
1103
1822
54946
4246
23242
27000
2687
2324
83440
3848
1038
80167
6779
5790
4070
83729
60313
30
25819
54866
58511
84914
9742
1443
51214
8612
81858
25820
55832
23586
22899
4016
222
9232
8794
1300
24
54988
2251
5232
148066
51455
55314
159963
81494
1373
4635
9328
196
26039
5985
3604
23135
843
1044
55061
23632
50835
761
5675
6451
83942
668
29909
4303
7475
56997
10733
114881
9263
653423
56895
54869
2220
11135
4110
1084
6813
26333
1208
80829
913
55249
283106
4583
80162
26529
55290
6398
57198
2352
51409
9080
7221
29929
7156
317781
3067
54834
8702
11103
51313
7018
64429
6317
354
6356
579
54463
10045
1810
6741
1773
51276
50840
9440
266740
57187
26578
1796
10278
56674
6373
2302
7480
26751
2631
6596
5697
23550
24138
27201
30846
416
2625
472
4990
1413
5897
7298
10435
27241
9060
26234
4868
4308
3702
55014
1618
81545
1145
6354
5544
1583
2800
11279
27190
10343
79927
8131
91300
5007
26054
7031
6862
3170
329
81285
8451
29851
57798
9047
51646
9879
4640
27181
57113
336
80736
10526
7032
3559
2528
3596
886
5284
8668
22866
11070
1130
51495
25936
4585
395
192666
8689
149986
4103
3003
7789
142689
5148
81792
79064
6442
1852
54850
10438
10170
9287
55130
57136
3978
23545
401
51171
23614
80194
57140
55759
219899
54328
3855
7314
9121
8529
6643
56521
2977
10660
64747
859
10255
1087
81847
9696
2693
4798
2359
29947
10863
4820
55591
10885
50939
56005
197
8420
26154
3861
29998
10960
63036
7626
2921
5226
10940
135948
22796
419
130916
6523
10078
3547
10210
7015
9975
2533
23309
22832
7287
51439
55156
80218
5739
55030
1025
270
142684
64077
154313
2626
4184
23765
4589
5151
2691
30836
79924
55821
64225
2842
55741
56287
9054
4626
23078
54868
51222
10749
55052
26872
64806
6259
57663
23746
440026
988
1967
5031
57498
90634
7737
661
9770
2853
660
23338
11196
92342
81627
27287
11069
7355
9718
26118
23509
4131
2208
1939
22885
6010
7547
728642
5519
3447
22995
51773
3321
1088
79571
29110
55211
915
5304
9245
51444
5913
79088
6508
5470
3543
63035
171392
63904
8487
6362
51179
820
5129
10807
4654
496
55278
9491
29122
7136
26060
23384
6873
5858
79767
6474
7403
92579
359
3249
55911
158586
2204
1259
117246
79960
51188
29093
347344
246100
7332
3557
51499
9187
6698
3018
60489
4815
741
799
1265
79782
29890
11211
1584
158427
411
8431
57402
474382
10325
9100
4620
51744
9358
22861
4899
84302
8340
1178
4314
10331
1770
9635
2733
55003
57047
474343
1089
2650
3704
25793
6307
10568
6936
350
55786
27107
89853
55002
56890
326
30062
4776
5132
55220
7038
55320
7033
10638
4342
1069
9329
9182
116985
1001
63924
26191
8756
27179
54796
653689
6495
10848
2316
5079
51725
27112
8225
51324
570
2992
725
8348
51314
79581
3738
55779
1674
643853
285203
64218
944
3594
90141
29943
8632
6819
10923
64799
64710
80133
2315
114327
57147
51105
27022
55825
3004
60676
116285
26190
51035
26088
57379
199731
8226
55293
223117
10871
4100
51520
10406
26121
6703
2526
6344
79171
5077
7544
7163
22868
6755
2252
25834
55784
54344
9609
57146
2854
3273
475
79659
51266
91355
2901
27063
23585
1477
23303
6329
2846
653
79744
55237
5949
25807
1775
27042
5888
8513
57152
7096
5618
65084
23193
5626
8721
881
55756
2151
692312
79865
64714
57665
6375
55157
8161
138046
131
55069
8838
7293
3217
81796
1660
3552
55116
1965
5705
55101
7405
3898
64321
55732
80201
11172
3222
22841
9156
5288
8491
3713
64581
4606
6549
2305
4888
50674
64427
80069
23178
9274
976
9787
5440
50833
1733
26046
64779
51442
51619
6005
10572
2649
57515
6636
1981
2863
9731
683
10060
795
26648
2232
949
4881
3211
54738
80739
6590
399664
55341
79652
23434
10586
3455
9525
923
65012
157869
6339
2826
6514
56606
10141
259215
89870
6059
3824
1556
64220
8228
9154
8814
5276
9390
23619
5689
2300
5527
64745
3175
8065
3190
1380
26103
55691
93081
10959
55149
2201
404734
220134
3593
55253
2642
6899
11174
1555
5459
554
4771
64180
11055
29991
5308
54529
51237
81621
26071
57835
1420
2110
11221
10942
23144
84951
57124
6331
474
4437
51733
55179
146909
8022
5623
6699
6768
56156
6512
5406
80380
54491
5981
6923
79943
11202
9519
27246
59341
9528
55028
79092
8369
345
54961
3783
1041
9766
7316
5407
79958
190
