54832
54584
1028
2558
90952
4045
1398
4176
1460
23616
55081
79065
6515
55830
7840
64786
4784
83593
379
28973
80863
3008
5708
516
775
8911
4916
57533
324
7442
874
114801
4761
4277
3115
3700
9839
8087
138639
8452
783
607
1601
121665
23166
9378
10776
2775
26470
27087
81603
23673
83746
7127
5813
2903
57680
6576
5496
55788
6663
84705
1388
5101
7014
7726
4035
80145
79602
8326
23039
4066
55193
5305
9745
9993
259232
24149
2783
6892
81614
64837
2824
23237
8364
91647
55652
4803
387032
80219
1136
10645
27095
2562
5521
91752
488
64137
5376
29902
8448
9446
64067
8831
7122
85464
19
2913
6293
5725
29801
29980
54487
10322
11056
54617
5649
1138
288
54805
9905
6597
1813
119391
7422
533
57448
25840
826
11252
23236
3984
55111
4900
253982
79600
6925
65125
84547
11168
22871
57412
22890
1612
9686
55011
10121
203068
83698
27132
63826
7444
4482
347735
2968
6844
22978
6522
43
53827
64781
124446
153830
4855
9508
7916
1292
5330
221545
79918
1806
9587
10075
1781
9586
29959
222068
5793
6446
23774
7150
1463
9114
377
26053
253980
10274
8379
3105
222698
5587
25921
2744
1786
10410
5062
57510
3785
8910
6048
1946
2550
4684
1132
57683
9722
929
23286
6721
84152
445329
4846
2033
29886
7337
57688
55937
6942
3123
27257
29123
56146
414778
5144
6992
5621
5792
22864
4521
9605
50944
7010
55720
64844
58155
9892
8604
79684
8099
10243
4627
56899
26051
8558
1586
4343
9348
1803
1116
5595
5533
100526831
23259
7158
2107
5155
4122
3118
1500
9651
6733
11117
8997
63943
5243
1020
23245
1745
152330
6720
7434
387
64478
9031
9638
2260
54815
84166
4775
23411
217
51123
6911
25804
3107
10279
64919
51780
5743
55714
4336
894
3280
7531
7494
9530
63940
79019
9568
6647
9529
25797
4713
348980
211
50807
55964
7918
10125
9070
6660
154215
5142
9344
129450
5740
83719
160851
4137
5119
9162
85236
5698
7917
23383
26468
283899
10198
347689
80224
27445
1407
348751
1312
468
6323
1385
4038
8218
55238
3304
6787
9682
90139
132200
5045
3122
8525
80179
79922
5685
1740
23513
22916
202333
28996
199
54715
123606
389125
4842
22997
83857
25791
23334
90993
9188
1961
2173
100131244
1958
152007
23345
91582
9326
65078
1143
9881
4978
55568
26047
83723
414764
1137
57176
56910
399979
8970
10371
6770
177
6891
10444
6804
23208
124044
1788
80352
226
8294
56147
1819
5987
23191
3119
26354
152
56134
5286
2823
2170
1128
4124
129684
1191
83943
7416
23176
6263
26043
1139
3109
421
23293
440829
9628
57479
50854
5902
23019
3084
2895
2897
10554
2242
4130
3108
79018
23043
23657
3790
23314
4204
1739
8479
1565
2555
780
51684
114791
9889
9759
5443
473
57591
6015
23584
6314
57521
7148
22827
146378
403
406
54993
1182
1501
9374
8537
4629
1742
10743
55626
30834
57827
51070
361
27037
23451
55628
1496
64116
3291
3117
6326
219541
7037
23081
56924
121256
1856
1616
5531
10718
1394
4609
10806
28972
7746
79153
339674
7052
203062
3303
91574
26058
2566
3356
6205
9315
4297
3276
23082
50651
2869
205327
7257
1012
54820
6595
10587
3745
29119
23405
7082
5696
57142
5089
57188
5414
51596
6046
