#Iter	Time	Change
0	0.01	4.371809e+02
1	0.01	3.163835e+02
2	0.01	2.820772e+02
3	0.01	2.558814e+02
4	0.01	2.302203e+02
5	0.01	2.071103e+02
6	0.01	1.860350e+02
7	0.01	1.671875e+02
8	0.01	1.502874e+02
9	0.01	1.352050e+02
10	0.01	1.217187e+02
11	0.01	1.096674e+02
12	0.01	9.887799e+01
13	0.01	8.921412e+01
14	0.01	8.054335e+01
15	0.01	7.275791e+01
16	0.01	6.575737e+01
17	0.01	5.945789e+01
18	0.01	5.378288e+01
19	0.01	4.866702e+01
20	0.01	4.405125e+01
21	0.01	3.988437e+01
22	0.01	3.612024e+01
23	0.01	3.271843e+01
24	0.01	2.964252e+01
25	0.01	2.686032e+01
26	0.01	2.434283e+01
27	0.01	2.206424e+01
28	0.01	2.000130e+01
29	0.01	1.813319e+01
30	0.01	1.644116e+01
31	0.01	1.490836e+01
32	0.01	1.351958e+01
33	0.01	1.226112e+01
34	0.01	1.112062e+01
35	0.01	1.008692e+01
36	0.01	9.149937e+00
37	0.01	8.300553e+00
38	0.01	7.530525e+00
39	0.01	6.832398e+00
40	0.01	6.199426e+00
41	0.01	5.625499e+00
42	0.01	5.105090e+00
43	0.01	4.633191e+00
44	0.01	4.205265e+00
45	0.01	3.817203e+00
46	0.01	3.465284e+00
47	0.01	3.146132e+00
48	0.01	2.856690e+00
49	0.01	2.594188e+00
50	0.01	2.356112e+00
51	0.01	2.140187e+00
52	0.01	1.944348e+00
53	0.01	1.766723e+00
54	0.01	1.605615e+00
55	0.01	1.459486e+00
56	0.01	1.326940e+00
57	0.01	1.206714e+00
58	0.01	1.097660e+00
59	0.01	9.987373e-01
60	0.01	9.090033e-01
61	0.01	8.276025e-01
62	0.01	7.537594e-01
63	0.01	6.867705e-01
64	0.01	6.259978e-01
65	0.01	5.708630e-01
66	0.01	5.208413e-01
67	0.01	4.754569e-01
68	0.01	4.342784e-01
69	0.01	3.969144e-01
70	0.01	3.630100e-01
71	0.01	3.322434e-01
72	0.01	3.043226e-01
73	0.01	2.789828e-01
74	0.01	2.559841e-01
75	0.01	2.351085e-01
76	0.01	2.161587e-01
77	0.01	1.989555e-01
78	0.01	1.833365e-01
79	0.01	1.691544e-01
80	0.01	1.562754e-01
81	0.01	1.445786e-01
82	0.01	1.339538e-01
83	0.01	1.243016e-01
84	0.01	1.155314e-01
85	0.01	1.075612e-01
86	0.01	1.003168e-01
87	0.01	9.373070e-02
88	0.01	8.774167e-02
89	0.01	8.229428e-02
90	0.01	7.733821e-02
91	0.01	7.282783e-02
92	0.02	6.872176e-02
93	0.02	6.498246e-02
94	0.02	6.157588e-02
95	0.02	5.847116e-02
96	0.02	5.564028e-02
97	0.02	5.305786e-02
98	0.02	5.070086e-02
99	0.02	4.854839e-02
100	0.01	4.658150e-02
101	0.01	4.478300e-02
102	0.01	4.313732e-02
103	0.01	4.163030e-02
104	0.01	4.024914e-02
105	0.01	3.898220e-02
106	0.01	3.781894e-02
107	0.01	3.674979e-02
108	0.01	3.576607e-02
109	0.01	3.485991e-02
110	0.01	3.402418e-02
111	0.01	3.325241e-02
112	0.01	3.253871e-02
113	0.01	3.187777e-02
114	0.01	3.126476e-02
115	0.01	3.069528e-02
116	0.01	3.016537e-02
117	0.01	2.967143e-02
118	0.01	2.921018e-02
119	0.01	2.877866e-02
120	0.01	2.837417e-02
121	0.01	2.799428e-02
122	0.01	2.763677e-02
123	0.01	2.729963e-02
124	0.01	2.698105e-02
125	0.01	2.667936e-02
126	0.01	2.639307e-02
127	0.01	2.612082e-02
128	0.01	2.586138e-02
129	0.01	2.561362e-02
130	0.01	2.537654e-02
131	0.01	2.514919e-02
132	0.01	2.493077e-02
133	0.01	2.472049e-02
134	0.01	2.451767e-02
135	0.01	2.432170e-02
136	0.01	2.413199e-02
137	0.01	2.394804e-02
138	0.01	2.376939e-02
139	0.01	2.359559e-02
140	0.01	2.342627e-02
141	0.01	2.326109e-02
142	0.01	2.309971e-02
143	0.01	2.294186e-02
144	0.01	2.278727e-02
145	0.01	2.263571e-02
146	0.01	2.248695e-02
147	0.01	2.234080e-02
148	0.01	2.219709e-02
149	0.01	2.205564e-02
150	0.01	2.191632e-02
151	0.02	2.177899e-02
152	0.02	2.164352e-02
153	0.02	2.150981e-02
154	0.02	2.137775e-02
155	0.02	2.124726e-02
156	0.02	2.111824e-02
157	0.02	2.099063e-02
158	0.02	2.086435e-02
159	0.01	2.073933e-02
160	0.01	2.061553e-02
161	0.01	2.049289e-02
162	0.01	2.037135e-02
163	0.01	2.025088e-02
164	0.01	2.013144e-02
165	0.01	2.001299e-02
166	0.01	1.989548e-02
167	0.01	1.977891e-02
168	0.01	1.966322e-02
169	0.01	1.954841e-02
170	0.01	1.943444e-02
171	0.01	1.932129e-02
172	0.01	1.920895e-02
173	0.01	1.909739e-02
174	0.01	1.898659e-02
175	0.01	1.887655e-02
176	0.01	1.876723e-02
177	0.01	1.865864e-02
178	0.01	1.855076e-02
179	0.01	1.844358e-02
180	0.01	1.833708e-02
181	0.01	1.823125e-02
182	0.01	1.812609e-02
183	0.01	1.802158e-02
184	0.01	1.791772e-02
185	0.01	1.781450e-02
186	0.01	1.771191e-02
187	0.01	1.760995e-02
188	0.01	1.750860e-02
189	0.01	1.740786e-02
190	0.01	1.730773e-02
191	0.01	1.720819e-02
192	0.01	1.710925e-02
193	0.01	1.701090e-02
194	0.01	1.691312e-02
195	0.01	1.681593e-02
196	0.01	1.671931e-02
197	0.01	1.662325e-02
198	0.01	1.652776e-02
199	0.01	1.643282e-02
200	0.01	1.633845e-02
201	0.01	1.624462e-02
202	0.01	1.615134e-02
203	0.01	1.605860e-02
204	0.01	1.596640e-02
205	0.01	1.587473e-02
206	0.01	1.578360e-02
207	0.01	1.569299e-02
208	0.01	1.560291e-02
209	0.01	1.551335e-02
210	0.01	1.542430e-02
211	0.01	1.533578e-02
212	0.01	1.524776e-02
213	0.01	1.516025e-02
214	0.01	1.507324e-02
215	0.01	1.498674e-02
216	0.01	1.490073e-02
217	0.01	1.481522e-02
218	0.01	1.473020e-02
219	0.01	1.464567e-02
220	0.01	1.456163e-02
221	0.01	1.447807e-02
222	0.01	1.439500e-02
223	0.01	1.431240e-02
224	0.01	1.423027e-02
225	0.01	1.414862e-02
226	0.01	1.406743e-02
227	0.01	1.398671e-02
228	0.01	1.390646e-02
229	0.01	1.382667e-02
230	0.01	1.374733e-02
231	0.01	1.366845e-02
232	0.01	1.359003e-02
233	0.01	1.351205e-02
234	0.01	1.343452e-02
235	0.01	1.335744e-02
236	0.01	1.328080e-02
237	0.01	1.320460e-02
238	0.01	1.312884e-02
239	0.01	1.305351e-02
240	0.01	1.297861e-02
241	0.01	1.290415e-02
242	0.01	1.283011e-02
243	0.01	1.275650e-02
244	0.01	1.268331e-02
245	0.01	1.261053e-02
246	0.01	1.253818e-02
247	0.01	1.246624e-02
248	0.01	1.239472e-02
249	0.01	1.232360e-02
250	0.01	1.225290e-02
251	0.01	1.218260e-02
252	0.01	1.211270e-02
253	0.01	1.204320e-02
254	0.01	1.197411e-02
255	0.01	1.190540e-02
256	0.01	1.183710e-02
257	0.01	1.176918e-02
258	0.01	1.170166e-02
259	0.01	1.163452e-02
260	0.01	1.156777e-02
261	0.01	1.150140e-02
262	0.01	1.143541e-02
263	0.01	1.136980e-02
264	0.01	1.130457e-02
265	0.01	1.123971e-02
266	0.01	1.117522e-02
267	0.01	1.111110e-02
268	0.01	1.104735e-02
269	0.01	1.098397e-02
270	0.01	1.092095e-02
271	0.01	1.085829e-02
272	0.01	1.079599e-02
273	0.01	1.073405e-02
274	0.01	1.067246e-02
275	0.01	1.061123e-02
276	0.01	1.055035e-02
277	0.01	1.048982e-02
278	0.01	1.042963e-02
279	0.01	1.036979e-02
280	0.01	1.031030e-02
281	0.01	1.025114e-02
282	0.01	1.019233e-02
283	0.01	1.013385e-02
284	0.01	1.007571e-02
285	0.01	1.001790e-02
286	0.01	9.960423e-03
287	0.01	9.903275e-03
288	0.01	9.846456e-03
289	0.01	9.789963e-03
290	0.01	9.733793e-03
291	0.01	9.677946e-03
292	0.01	9.622420e-03
293	0.01	9.567212e-03
294	0.01	9.512321e-03
295	0.01	9.457744e-03
296	0.01	9.403481e-03
297	0.01	9.349529e-03
298	0.01	9.295887e-03
299	0.01	9.242553e-03
300	0.01	9.189524e-03
301	0.01	9.136800e-03
302	0.01	9.084378e-03
303	0.02	9.032257e-03
304	0.01	8.980435e-03
305	0.01	8.928911e-03
306	0.01	8.877681e-03
307	0.01	8.826746e-03
308	0.01	8.776104e-03
309	0.01	8.725751e-03
310	0.01	8.675688e-03
311	0.01	8.625912e-03
312	0.01	8.576421e-03
313	0.01	8.527215e-03
314	0.01	8.478290e-03
315	0.01	8.429647e-03
316	0.01	8.381282e-03
317	0.01	8.333195e-03
318	0.01	8.285384e-03
319	0.01	8.237847e-03
320	0.02	8.190583e-03
321	0.02	8.143590e-03
322	0.02	8.096867e-03
323	0.02	8.050412e-03
324	0.02	8.004223e-03
325	0.02	7.958299e-03
326	0.02	7.912639e-03
327	0.02	7.867241e-03
328	0.02	7.822103e-03
329	0.01	7.777224e-03
330	0.01	7.732603e-03
331	0.01	7.688238e-03
332	0.01	7.644127e-03
333	0.01	7.600269e-03
334	0.01	7.556663e-03
335	0.01	7.513308e-03
336	0.01	7.470200e-03
337	0.01	7.427341e-03
338	0.01	7.384727e-03
339	0.01	7.342357e-03
340	0.01	7.300231e-03
341	0.01	7.258347e-03
342	0.01	7.216702e-03
343	0.01	7.175297e-03
344	0.01	7.134129e-03
345	0.01	7.093198e-03
346	0.01	7.052501e-03
347	0.01	7.012038e-03
348	0.01	6.971807e-03
349	0.01	6.931806e-03
350	0.01	6.892036e-03
351	0.01	6.852493e-03
352	0.01	6.813177e-03
353	0.01	6.774087e-03
354	0.01	6.735221e-03
355	0.01	6.696578e-03
356	0.01	6.658157e-03
357	0.01	6.619957e-03
358	0.01	6.581975e-03
359	0.01	6.544211e-03
360	0.01	6.506664e-03
361	0.01	6.469333e-03
362	0.01	6.432216e-03
363	0.01	6.395311e-03
364	0.01	6.358619e-03
365	0.01	6.322136e-03
366	0.01	6.285864e-03
367	0.01	6.249799e-03
368	0.01	6.213941e-03
369	0.01	6.178289e-03
370	0.01	6.142842e-03
371	0.01	6.107597e-03
372	0.01	6.072555e-03
373	0.01	6.037715e-03
374	0.01	6.003074e-03
375	0.01	5.968631e-03
376	0.01	5.934387e-03
377	0.01	5.900339e-03
378	0.01	5.866486e-03
379	0.01	5.832827e-03
380	0.01	5.799362e-03
381	0.01	5.766088e-03
382	0.01	5.733006e-03
383	0.01	5.700113e-03
384	0.01	5.667409e-03
385	0.01	5.634893e-03
386	0.01	5.602563e-03
387	0.01	5.570419e-03
388	0.01	5.538459e-03
389	0.01	5.506682e-03
390	0.01	5.475088e-03
391	0.01	5.443675e-03
392	0.01	5.412442e-03
393	0.01	5.381389e-03
394	0.01	5.350514e-03
395	0.01	5.319815e-03
396	0.01	5.289293e-03
397	0.01	5.258946e-03
398	0.01	5.228774e-03
399	0.01	5.198774e-03
400	0.01	5.168946e-03
401	0.01	5.139290e-03
402	0.01	5.109803e-03
403	0.01	5.080486e-03
404	0.01	5.051337e-03
405	0.01	5.022356e-03
406	0.01	4.993540e-03
407	0.01	4.964890e-03
408	0.01	4.936404e-03
409	0.01	4.908082e-03
410	0.01	4.879922e-03
411	0.01	4.851924e-03
412	0.01	4.824087e-03
413	0.01	4.796409e-03
414	0.01	4.768890e-03
415	0.01	4.741528e-03
416	0.01	4.714324e-03
417	0.01	4.687276e-03
418	0.01	4.660383e-03
419	0.01	4.633645e-03
420	0.01	4.607059e-03
421	0.01	4.580627e-03
422	0.01	4.554346e-03
423	0.01	4.528215e-03
424	0.01	4.502235e-03
425	0.01	4.476404e-03
426	0.01	4.450721e-03
427	0.01	4.425185e-03
428	0.01	4.399796e-03
429	0.01	4.374552e-03
430	0.01	4.349454e-03
431	0.01	4.324499e-03
432	0.01	4.299687e-03
433	0.01	4.275018e-03
434	0.01	4.250491e-03
435	0.01	4.226104e-03
436	0.01	4.201857e-03
437	0.01	4.177749e-03
438	0.01	4.153779e-03
439	0.01	4.129947e-03
440	0.01	4.106252e-03
441	0.01	4.082693e-03
442	0.01	4.059269e-03
443	0.01	4.035979e-03
444	0.01	4.012823e-03
445	0.01	3.989799e-03
446	0.01	3.966908e-03
447	0.01	3.944148e-03
448	0.01	3.921519e-03
449	0.01	3.899020e-03
450	0.01	3.876649e-03
451	0.01	3.854407e-03
452	0.01	3.832293e-03
453	0.01	3.810305e-03
454	0.01	3.788444e-03
455	0.01	3.766708e-03
456	0.01	3.745097e-03
457	0.01	3.723610e-03
458	0.01	3.702246e-03
459	0.01	3.681004e-03
460	0.01	3.659885e-03
461	0.01	3.638886e-03
462	0.01	3.618009e-03
463	0.01	3.597250e-03
464	0.01	3.576611e-03
465	0.01	3.556091e-03
466	0.01	3.535688e-03
467	0.01	3.515402e-03
468	0.01	3.495233e-03
469	0.01	3.475179e-03
470	0.01	3.455241e-03
471	0.01	3.435416e-03
472	0.01	3.415706e-03
473	0.01	3.396109e-03
474	0.01	3.376624e-03
475	0.01	3.357251e-03
476	0.01	3.337989e-03
477	0.01	3.318837e-03
478	0.01	3.299795e-03
479	0.01	3.280863e-03
480	0.01	3.262039e-03
481	0.01	3.243324e-03
482	0.01	3.224715e-03
483	0.01	3.206214e-03
484	0.02	3.187818e-03
485	0.01	3.169528e-03
486	0.01	3.151343e-03
487	0.01	3.133263e-03
488	0.02	3.115286e-03
489	0.01	3.097412e-03
490	0.01	3.079641e-03
491	0.01	3.061972e-03
492	0.01	3.044404e-03
493	0.01	3.026937e-03
494	0.01	3.009570e-03
495	0.01	2.992303e-03
496	0.01	2.975135e-03
497	0.01	2.958065e-03
498	0.02	2.941093e-03
499	0.01	2.924219e-03
