10002
10008
100133941
10019
10020
10021
10046
100506658
10060
10083
10117
10133
10142
10157
10166
10195
10210
1028
1029
10312
10397
10436
10456
10466
10483
10491
1050
10516
10535
10555
10558
10559
1056
10564
10568
10577
10585
10594
10644
10661
10683
1075
10801
1080
10804
10806
10878
10908
10913
10939
10984
11005
11078
11136
11155
11178
11200
1121
1123
11236
11277
112817
11284
11285
1130
11315
11322
113278
114327
115650
1161
116519
117531
1180
118
1184
1186
1187
118813
1188
1200
1201
1203
120892
121512
122042
123016
123606
123872
1244
124590
125336
1258
1259
1261
126
127534
1277
1278
1280
1281
128178
1285
1286
128674
1287
128866
1289
1290
1291
1292
1293
1296
129880
1300
1302
130557
1311
1316
1326
132884
133522
1340
134430
1355
1356
135935
136647
1371
1373
137682
137814
138050
1387
1406
1410
144165
145226
145873
146057
146059
146183
146227
1471
147138
1476
147912
148738
149233
1497
149775
149998
152137
1535
153562
1536
1540
1548
154881
155
157570
1577
1593
161497
1629
1639
1643
164656
166336
166379
166785
1674
167691
1687
1690
169026
170691
1729
1730
1736
1738
1747
175
1756
1758
176
1773
178
1785
1798
182
1822
1824
1829
183
1832
1834
1836
185
1889
189
1893
1896
190
1908
1909
1910
191
19
1947
1956
1969
197131
1991
199713
2006
200942
2010
201163
201294
2022
203
2033
2035
204
2052
2055
2064
2068
2070
2071
2072
2073
2074
208
2120
2121
212
2130
2132
2138
2147
215
2153
2158
2160
2161
2162
2165
2175
2176
2184
219736
2200
220074
2203
2213
221421
2218
22
222662
2235
224
2243
2244
2245
2253
2255
2259
2261
2263
2273
22845
22868
2294
2296
2299
22995
2301
23020
2304
23064
23092
23095
23111
2312
2316
23171
2317
2322
23224
23229
23236
2324
23365
23385
23405
23414
23418
23435
23495
23569
23592
23600
23607
23636
23746
2395
241
24
242
246213
249
2492
2516
2517
2521
2538
2542
2548
256471
2566
256764
25793
25794
2581
25814
2582
25836
25839
2584
25861
2588
2592
259236
259266
25939
25974
26058
26121
2617
261734
26191
26227
2623
2624
2626
2627
2628
2629
2632
26353
2642
2645
26503
26511
265
2652
2653
2657
26580
2668
2670
2672
2683
2690
2694
27019
27030
27031
27032
2705
2706
2707
27130
2717
2719
2720
27241
27249
2731
2736
2737
27429
2746
2760
2778
2779
2784
2799
2811
2812
2815
2820
2821
282996
283120
283
284119
285362
285440
286077
286262
28962
291
2916
2934
2956
29760
2978
29851
2990
2992
29929
29954
29968
3000
30061
30062
3026
3033
3039
3040
3043
3052
3064
3073
3074
3075
3078
3081
3117
3119
3141
3145
3159
3161
3172
3242
3248
3251
3257
326625
3315
3329
335
338917
340024
3418
3420
3423
3425
3426
343035
343637
344018
3458
345895
346007
3507
3543
3549
355
3553
3561
356
3569
3586
3587
3588
3614
3630
3640
3643
3651
3659
3662
3663
3664
3667
3674
3679
368
3689
3708
3712
3717
3728
3735
3736
3741
374291
374462
374654
3748
375298
3753
3757
3758
3759
3762
3766
3767
3784
3785
378884
3798
3815
38
383
3845
3848
3851
3853
3854
3858
3860
3868
3872
3887
3889
388939
389207
3892
3908
3920
392255
3930
3931
3955
3981
3990
4000
4016
4023
4026
4041
404672
4053
4054
405753
4069
4072
4093
410
411
4125
4126
4157
4175
4210
4214
4221
4247
4261
427
4286
4287
4292
4308
4322
4330
4351
435
4352
4359
440138
443
4436
445
4487
4488
4547
4591
4595
4598
4601
4607
4609
4621
4624
4625
4627
4629
463
4633
4634
4640
4646
4647
4653
4669
4683
4688
4693
4695
4704
4705
472
4722
4724
4728
4744
4747
4760
4771
477
4830
4838
4851
4853
4860
4864
4867
4869
487
4878
488
4882
4891
4893
4901
4920
4935
493753
4938
493856
4942
494513
4948
4952
4953
4968
4978
5002
5009
5015
50506
5077
5078
5081
5083
50846
5091
50939
50943
5095
5096
51057
51062
51079
5108
51082
51099
51151
51168
51218
51251
51305
51314
51422
5146
5148
5156
5157
5158
51592
5160
5167
51684
5172
5173
51741
51744
5189
5192
5194
5195
5213
5244
5245
5251
5256
5257
5261
5264
5265
5269
5308
5310
5311
5314
5318
5320
5324
5351
5354
5373
5376
538
53904
540
5428
5429
54332
54344
54463
545
5456
5459
546
54658
5468
54714
5479
54880
54901
54903
54904
54977
5498
54982
55024
55054
5506
551
55172
5519
5521
55212
55343
5538
554
5546
5551
55572
55630
55636
55670
5573
55755
55764
55775
55788
55800
55806
55812
5582
5583
55835
55851
55967
55975
55997
5602
56052
5621
56262
5630
5631
5654
56652
56922
56997
57010
57057
57096
57165
57190
57192
5723
5727
5740
5744
57539
57560
57679
5770
57716
5781
57817
5795
580
582
5824
5828
5830
583
5837
585
5888
59
5925
593
59341
59344
594
595
5956
5959
5961
5962
5972
5979
5993
5994
5995
6005
6010
6011
6017
6023
6049
60506
60675
60681
6092
6100
6101
6102
6103
6121
6125
613
6135
6165
617
6201
6204
6218
6223
6229
6231
6261
6262
629
6295
6310
6311
6314
6315
6324
6329
6330
6331
6335
6338
6340
6389
6390
6391
640
64072
64087
641
64127
64131
64132
64170
64175
64218
64220
64327
6442
64423
6443
6444
64446
6445
6448
6452
64581
6469
64699
64840
6491
6492
6495
6496
65018
650
65055
65125
6517
6519
65217
652
6524
6528
653361
653509
6557
6559
6566
6567
6569
658
6583
6584
6591
659
6598
6606
6607
6609
6620
6622
6640
6647
6654
6657
6662
6663
668
6687
6708
6709
6712
6718
672
673
6736
675
6774
6790
6792
6794
6813
6833
6834
686
6890
6891
6892
6898
6901
6908
6927
6928
6934
6935
6949
695
7007
701
7012
7015
7018
70
7020
7036
7043
7046
7048
7050
7051
7066
7068
7092
7097
7099
710
71
7134
7136
7137
7139
7140
7148
7168
7169
717
7173
718
7225
7227
7251
727
7273
7276
727897
728294
7287
7291
729238
7306
7341
7345
7350
7352
7369
7380
7389
7390
7399
7401
7414
7428
7439
7450
7454
7486
7490
7507
7508
7517
7546
7547
7555
760
762
768206
773
775
779
7809
783
7840
7841
7846
7849
7879
79053
79058
79087
79140
79147
79188
7957
79577
79621
79628
79644
79659
79728
79738
79751
79784
79796
79944
79955
79977
80025
8013
80184
80208
8021
80270
80271
8028
8031
8048
80704
8074
8086
81031
8106
81
81794
81846
81857
8195
8200
825
8287
8291
8301
8312
8313
8322
83394
83706
83715
8379
83872
83959
8398
83990
84059
84100
841
84140
84153
84295
8431
843
84342
8438
8443
8462
84627
84662
84667
84733
8481
84839
84920
84987
8504
8517
8518
85366
8540
8542
8546
8557
8565
857
859
8600
860
861
8622
8625
8626
8643
8660
8675
8676
8701
8754
8792
8805
8813
88
8833
8842
8878
8898
8915
8988
90
9049
91147
9129
9132
91624
9180
91869
91942
91949
9197
9210
9215
9217
92211
9227
9241
92579
930
931
9313
93
9321
9380
9381
9382
9401
94137
94
9420
9479
9499
950
9516
9517
9526
9533
9562
9570
9573
9622
9640
9657
9672
973
974
975
9821
9842
9896
9897
9907
9927
9939
9950
999
9992
9997
