6578
6335
216
389206
80055
6988
375704
92241
63941
1869
399474
60495
6870
55806
55103
22881
285513
84572
10234
80014
5991
2690
79669
11152
5192
117177
148198
330
9750
116
10266
84458
4213
10100
64283
4160
728116
50509
23200
818
23002
5502
3481
55317
6095
793
8912
762
79041
57684
128611
26973
10400
2334
6324
54891
23429
2038
10178
572
154007
55466
55033
53342
79095
50649
8482
9991
255275
80306
79139
389677
2558
158399
25896
400120
170463
105373383
3569
51762
79785
23541
5067
2149
65988
152002
10914
54726
7123
51257
54734
574036
23089
1160
8835
246175
8986
79947
7762
8658
83448
4015
89958
219623
11231
57472
92126
56961
56899
166336
55152
254295
84681
200576
57600
10023
90134
23760
55588
56603
2261
54776
3189
121536
2155
126792
54778
161357
54858
64393
116150
26220
112464
9377
285220
10814
768096
253868
64759
100507437
8690
116835
25870
284312
5865
57708
27077
8001
4636
2047
8976
80199
79006
127253
85465
79836
283130
138429
2673
22862
375775
8705
10120
7138
54989
256130
10485
27
129804
57687
6881
54733
7264
79180
115209
10251
3479
11331
6120
64762
56953
25940
1346
10361
4147
283464
57348
2067
64398
57447
55086
9088
755
1012
122616
389084
65078
3181
26268
253512
8303
7077
100192379
391356
84817
26873
650655
144165
25864
64838
9874
339674
84304
3489
51550
56848
79873
124936
56920
503693
6640
54542
317
23205
57484
9959
55279
10903
1351
90203
55257
347734
84993
387254
9283
80347
154790
845
129450
146057
6538
57532
5264
51308
85460
6540
3320
151835
149041
11320
441843
11316
9715
5610
604
159371
51162
79754
1540
65094
92305
64320
6944
8476
162394
3598
5127
79071
23138
140890
56829
101927193
93058
10815
192668
390616
9452
8087
2788
51361
10445
27324
114984
221895
50650
205
6934
55004
5927
1397
101410534
51621
284358
57182
167227
3338
85452
7514
284076
56647
64236
339789
23761
9320
293
169270
9877
27146
27152
23411
92597
1135
7273
56052
8525
66004
84276
159090
6271
92
10146
55728
1465
100507487
66035
57223
285126
11052
9244
4673
387640
64925
138311
1774
162427
6948
10884
25854
139065
84275
29068
5878
79412
138162
5625
7073
128439
85442
54587
153222
150383
6624
64743
105
84152
29086
129787
79671
10522
4582
56245
10116
63905
3192
10285
100506606
91252
3730
122970
5201
64795
30815
328
286336
84532
148641
94160
9931
347862
64792
54982
54884
285368
2058
7803
80775
9878
363
65065
10460
115827
285193
3698
168391
9957
1809
8646
23603
4154
403314
6687
90485
84919
4974
91851
441869
1264
8539
8991
5033
150538
401303
161198
654429
22847
57799
642273
113251
56937
94097
192286
83444
6526
56987
25849
114294
51141
23240
492311
80351
645426
7436
64376
100271626
7223
283999
254359
11285
283742
11178
9317
8545
2562
23543
10154
4185
2647
23394
91404
83482
57403
25824
3664
51706
388135
80124
23210
22871
10168
28974
11223
284370
8715
51693
10999
80155
388341
29882
25900
1468
147339
11260
7693
6035
56986
8036
1238
9646
100128822
6049
152185
10622
379
140767
5605
9559
25989
10424
2582
9526
10228
3418
1289
56954
636
10268
2879
9836
26052
189
10746
254559
114926
100527963
65263
6415
8972
144402
2702
1298
85464
23457
92745
546
55714
51024
51281
128218
4005
80148
115992
6654
10097
1132
7923
64854
55668
57551
64770
84279
5871
1299
25946
388558
84295
28988
116443
100381270
23039
2356
4289
100359396
115708
157807
249
6400
10794
100506779
738
54681
246330
6404
84269
56886
55532
252995
3837
260434
688
9127
80223
8898
9069
23770
7965
4084
133746
9905
55663
23049
27089
26019
79812
94122
65267
2005
56904
79590
22908
90990
101929544
23369
101927455
85378
5494
340719
90024
54665
1149
5144
149345
64419
7110
80142
8650
55851
9734
3763
8704
1826
160760
6320
10808
3671
474344
79642
284111
116349
5786
387775
2987
100507388
84628
89932
2477
80319
100131067
654502
23034
54461
113791
631
2134
8916
64282
3658
55652
84125
253982
129807
152006
25906
22824
8527
2954
1739
348751
79834
27125
8831
80737
22845
84552
1827
56929
285636
57570
10087
1307
166929
2066
576
57128
128240
57530
389472
55808
9079
55787
1656
8701
7188
5639
56147
56146
56145
56144
56143
56140
164684
2033
83450
51168
3699
57188
6314
57795
64116
775
100874234
53340
54414
91695
253190
488
101927279
64784
51335
8826
641
106480504
55843
25998
2016
5579
348
26
267012
27185
1808
1813
255239
1814
84062
7976
8326
2561
2913
3356
3552
3557
4524
3084
5999
57142
6532
63826
7124
29801
