64116
1813
255239
3084
3699
2561
84572
285513
22881
55103
55806
6870
3356
60495
399474
818
1869
389206
26
267012
23200
50509
63941
3189
54776
2261
56603
728116
55588
23760
90134
10023
57600
200576
4160
84681
254295
92241
55152
64283
166336
10100
4213
56899
56961
84458
27185
6578
10266
92126
57472
116
375704
11231
56147
56146
56145
56144
56143
56140
219623
89958
4015
83448
8658
7762
216
113251
7124
642273
57799
22847
654429
161198
401303
150538
9750
5033
8991
79947
8986
8539
1264
246175
441869
8835
1160
91851
4974
84919
403314
6687
90485
4154
23603
23089
8646
1809
2033
9957
168391
3698
285193
330
115827
574036
10460
65065
54734
51257
7123
363
9878
80775
7803
2058
285368
54884
64792
54982
347862
9931
94160
54726
148641
84532
286336
328
30815
64795
10914
5201
122970
3730
152002
100506606
91252
10285
63905
3192
56245
10116
65988
10522
4582
79671
2149
129787
29086
148198
5067
84152
105
23541
64743
6624
84062
150383
79785
51762
153222
54587
85442
3569
128439
7073
138162
5625
79412
5878
29068
105373383
84275
139065
25854
117177
6988
10884
6948
162427
1774
138311
64925
387640
4673
9244
170463
11052
285126
57223
66035
400120
100507487
1465
55728
10146
92
25896
6271
5192
159090
84276
8525
66004
11152
56052
158399
7273
1135
2558
92597
27152
23411
389677
27146
9877
169270
293
6335
9320
23761
339789
64236
56647
284076
7514
3338
85452
167227
57182
284358
51621
79139
101410534
1397
5927
55004
6934
80306
255275
205
9991
50650
221895
27324
114984
10445
51361
2788
8087
9452
390616
63826
5639
79669
192668
10815
93058
101927193
56829
57188
8482
50649
140890
23138
79095
80055
5127
79071
3598
53342
162394
8476
6944
64320
55033
92305
65094
55466
154007
3552
1540
79754
51162
159371
2690
604
5610
572
11316
9715
441843
348
1808
11320
149041
83450
51168
151835
85460
6540
3320
51308
5264
57532
146057
6538
10178
3557
4524
129450
845
5991
154790
80347
9283
2038
387254
23429
84993
347734
55257
90203
1351
10903
1814
55279
9959
23205
57484
317
54542
6640
503693
56920
124936
79873
56848
3489
51550
84304
339674
54891
9874
26873
650655
144165
25864
64838
164684
6324
5999
5999
29801
84817
391356
100192379
7077
57795
253512
8303
26268
3181
65078
6314
389084
7976
8326
6532
122616
1012
755
9088
80014
55086
2334
57447
2913
57142
64398
2067
