10458
5063
7409
10109
8976
4636
929
9138
88
71
3984
5500
1128
5294
3645
5156
8874
5747
10552
5881
3676
1129
1132
4478
10451
4638
1730
8503
55740
9087
58498
9475
3985
5879
5499
2768
10095
10627
10094
85464
3682
23396
28964
6548
5062
4628
5829
8936
81873
10152
324
6237
3695
57144
87
4660
2149
5305
5290
1133
3678
1399
1398
54776
85477
3693
10298
5962
5291
23191
8396
7454
1073
5880
91807
6093
1729
23533
5295
4627
4342
8395
369
10092
7430
3071
2263
4659
5058
1131
998
8516
3683
3655
1956
89
3694
5217
3685
3674
340156
5605
3679
5594
6654
7074
10163
89846
2909
55970
1793
22808
1072
2245
5296
9459
5293
22800
10788
5894
3691
624
9564
93408
3673
22801
3675
5604
54434
79784
10297
6655
103910
623
3688
79837
54961
2261
5501
3690
3689
10672
128239
375189
7410
50649
3680
26999
10398
387
5595
60
2934
7114
29895
2260
4633
81624
200576
10093
3696
5159
8515
6714
56924
23365
2264
3687
3672
7414
8826
345456
55845
3684
8394
10787
3681
3265
4893
3845
81
85366
673
5216
1803
7040
1435
3611
4323
5728
2185
5921
823
824
857
7094
7408
6840
2017
2191
5337
388
389
390
10097
10096
382
1950
4313
4318
5329
9644
7422
7456
3480
207
3082
7077
2247
5578
4233
6010
3479
396
5335
5770
7431
6774
3109
10686
1000
3115
5788
3106
9369
26047
80380
933
3383
9378
6404
3105
1003
6403
2734
23562
3108
1001
58494
3123
25945
3897
149461
3133
3107
4684
3134
1364
3384
9379
94030
90952
5010
920
923
214
8174
51208
7412
644672
959
4897
4685
22871
999
257194
83700
8506
940
5175
3119
965
3108
1002
5817
3112
4359
3126
9071
942
6900
23114
1366
3135
5792
6401
7122
6402
23308
1013
64101
9075
1272
9076
3113
23705
29851
958
3125
24146
9074
3117
3118
947
9073
3122
57863
3111
941
925
5133
5818
5797
3127
926
9019
29126
6693
53842
4099
57502
26285
100132463
4267
137075
50848
6614
1493
54413
57689
100506658
10666
201633
57555
84628
1365
22854
914
9080
3385
49861
5819
4690
5609
6199
2066
2885
27
868
5602
6776
5336
685
1027
2069
817
3725
399694
572
2002
7039
23624
5582
5579
6777
815
6464
374
10718
2475
1026
1839
53358
9542
25759
2064
2065
5601
6416
5599
25
1978
6198
4609
145957
8440
208
818
816
867
3084
2549
2932
10000
1281
7791
6696
596
55742
1284
3913
1282
85301
3908
7058
2324
1292
1288
63923
5154
7057
22798
5908
7450
5170
2318
7448
1301
1291
3381
3791
1290
1285
2316
3910
2321
1293
2889
1287
2277
1286
1280
5155
1277
3914
3918
3909
7060
56034
859
394
131873
3912
83660
80310
7424
255631
2335
1278
1101
3371
50509
5649
1311
7148
1302
3915
29780
64098
1499
5923
5906
284217
2317
858
10319
7059
7423
1289
5228
7143
3911
2534
5521
51776
84612
8573
55844
5580
57530
3993
92359
1496
22989
50855
3059
1457
84552
4629
23136
29119
9414
56288
64398
5522
260425
4301
4625
4619
27134
9223
5581
5583
7082
8531
5590
5584
5516
2035
5519
5518
1495
5588
57644
1459
5520
4620
8735
150084
1019
4622
4621
2037
9863
5515
3996
2036
1460
4624
4626
6709
8777