#Iter	Time	Change
0	0.06	3.376097e+02
1	0.07	1.016821e+02
2	0.06	6.593500e+01
3	0.07	4.964855e+01
4	0.07	4.095911e+01
5	0.07	3.474230e+01
6	0.07	3.056719e+01
7	0.07	2.718069e+01
8	0.06	2.444768e+01
9	0.07	2.214541e+01
10	0.07	2.008676e+01
11	0.07	1.831052e+01
12	0.07	1.667159e+01
13	0.07	1.523655e+01
14	0.07	1.388806e+01
15	0.07	1.267613e+01
16	0.07	1.154225e+01
17	0.07	1.051236e+01
18	0.07	9.557215e+00
19	0.07	8.688839e+00
20	0.07	7.890926e+00
21	0.06	7.166098e+00
22	0.06	6.503546e+00
23	0.07	5.901528e+00
24	0.07	5.353465e+00
25	0.07	4.855229e+00
26	0.06	4.403290e+00
27	0.07	3.992191e+00
28	0.07	3.620006e+00
29	0.07	3.281529e+00
30	0.07	2.975369e+00
31	0.07	2.696962e+00
32	0.07	2.445331e+00
33	0.07	2.216536e+00
34	0.07	2.009835e+00
35	0.06	1.821915e+00
36	0.07	1.652186e+00
37	0.07	1.497875e+00
38	0.07	1.358533e+00
39	0.07	1.231836e+00
40	0.07	1.117445e+00
41	0.07	1.013450e+00
42	0.07	9.195280e-01
43	0.07	8.341621e-01
44	0.07	7.570420e-01
45	0.07	6.869545e-01
46	0.07	6.236357e-01
47	0.07	5.660857e-01
48	0.07	5.140789e-01
49	0.07	4.668169e-01
50	0.07	4.240950e-01
51	0.07	3.852763e-01
52	0.07	3.501764e-01
53	0.06	3.182857e-01
54	0.07	2.894416e-01
55	0.07	2.632365e-01
56	0.07	2.395279e-01
57	0.07	2.179897e-01
58	0.07	1.984975e-01
59	0.07	1.807900e-01
60	0.07	1.647598e-01
61	0.07	1.501973e-01
62	0.07	1.370101e-01
63	0.07	1.250297e-01
64	0.07	1.141773e-01
65	0.07	1.043173e-01
66	0.07	9.538254e-02
67	0.07	8.726390e-02
68	0.07	7.990440e-02
69	0.07	7.321604e-02
70	0.07	6.715068e-02
71	0.06	6.163726e-02
72	0.07	5.663522e-02
73	0.07	5.208712e-02
74	0.07	4.795888e-02
75	0.07	4.420403e-02
76	0.07	4.079397e-02
77	0.07	3.769105e-02
78	0.07	3.487136e-02
79	0.07	3.230437e-02
80	0.07	2.997009e-02
81	0.07	2.784375e-02
82	0.07	2.590867e-02
83	0.07	2.414472e-02
84	0.07	2.253803e-02
85	0.07	2.107222e-02
86	0.07	1.973575e-02
87	0.07	1.851533e-02
88	0.07	1.740131e-02
89	0.07	1.638285e-02
90	0.07	1.545198e-02
91	0.07	1.459986e-02
92	0.07	1.381988e-02
93	0.07	1.310483e-02
94	0.07	1.244922e-02
95	0.07	1.184718e-02
96	0.07	1.129418e-02
97	0.07	1.078539e-02
98	0.06	1.031706e-02
99	0.07	9.885249e-03
100	0.07	9.486863e-03
101	0.07	9.118680e-03
102	0.07	8.778132e-03
103	0.07	8.462587e-03
104	0.07	8.169924e-03
105	0.07	7.897984e-03
106	0.07	7.645012e-03
107	0.06	7.409239e-03
108	0.07	7.189217e-03
109	0.07	6.983495e-03
110	0.07	6.790876e-03
111	0.07	6.610170e-03
112	0.07	6.440386e-03
113	0.07	6.280549e-03
114	0.07	6.129840e-03
115	0.07	5.987456e-03
116	0.07	5.852721e-03
117	0.07	5.724975e-03
118	0.07	5.603659e-03
119	0.07	5.488229e-03
120	0.06	5.378222e-03
121	0.06	5.273192e-03
122	0.06	5.172755e-03
123	0.07	5.076542e-03
124	0.07	4.984236e-03
125	0.07	4.895533e-03
126	0.06	4.810168e-03
127	0.07	4.727891e-03
128	0.07	4.648484e-03
129	0.07	4.571737e-03
130	0.07	4.497470e-03
131	0.07	4.425512e-03
132	0.07	4.355709e-03
133	0.07	4.287919e-03
134	0.07	4.222016e-03
135	0.06	4.157881e-03
136	0.07	4.095407e-03
137	0.07	4.034497e-03
138	0.07	3.975060e-03
139	0.07	3.917016e-03
140	0.07	3.860289e-03
141	0.07	3.804810e-03
142	0.07	3.750516e-03
143	0.07	3.697349e-03
144	0.06	3.645257e-03
145	0.07	3.594189e-03
146	0.07	3.544102e-03
147	0.07	3.494953e-03
148	0.07	3.446705e-03
149	0.07	3.399322e-03
150	0.07	3.352770e-03
151	0.07	3.307020e-03
152	0.07	3.262043e-03
153	0.06	3.217813e-03
154	0.07	3.174306e-03
155	0.07	3.131498e-03
156	0.07	3.089369e-03
157	0.07	3.047900e-03
158	0.07	3.007071e-03
159	0.07	2.966865e-03
160	0.07	2.927265e-03
161	0.07	2.888258e-03
162	0.06	2.849827e-03
163	0.07	2.811960e-03
164	0.07	2.774643e-03
165	0.07	2.737864e-03
166	0.07	2.701612e-03
167	0.07	2.665875e-03
168	0.07	2.630643e-03
169	0.07	2.595907e-03
170	0.07	2.561656e-03
171	0.07	2.527881e-03
172	0.06	2.494573e-03
173	0.06	2.461724e-03
174	0.07	2.429326e-03
175	0.07	2.397372e-03
176	0.07	2.365853e-03
177	0.07	2.334762e-03
178	0.07	2.304093e-03
179	0.07	2.273837e-03
180	0.06	2.243989e-03
181	0.07	2.214543e-03
182	0.07	2.185491e-03
183	0.07	2.156829e-03
184	0.07	2.128549e-03
185	0.07	2.100649e-03
186	0.07	2.073122e-03
187	0.07	2.045961e-03
188	0.07	2.019160e-03
189	0.07	1.992714e-03
190	0.07	1.966619e-03
191	0.07	1.940878e-03
192	0.07	1.915490e-03
193	0.07	1.890438e-03
194	0.07	1.865715e-03
195	0.07	1.841317e-03
196	0.07	1.817238e-03
197	0.07	1.793476e-03
198	0.06	1.770026e-03
199	0.07	1.746883e-03
200	0.07	1.724043e-03
201	0.07	1.701503e-03
202	0.07	1.679258e-03
203	0.07	1.657305e-03
204	0.07	1.635638e-03
205	0.07	1.614256e-03
206	0.07	1.593153e-03
207	0.07	1.572327e-03
208	0.07	1.551773e-03
209	0.07	1.531488e-03
210	0.07	1.511469e-03
211	0.07	1.491711e-03
212	0.07	1.472212e-03
213	0.07	1.452968e-03
214	0.07	1.433975e-03
215	0.07	1.415231e-03
216	0.06	1.396732e-03
217	0.07	1.378475e-03
218	0.07	1.360457e-03
219	0.07	1.342674e-03
220	0.07	1.325124e-03
221	0.07	1.307803e-03
222	0.07	1.290709e-03
223	0.07	1.273838e-03
224	0.07	1.257188e-03
225	0.07	1.240755e-03
226	0.07	1.224537e-03
227	0.07	1.208531e-03
228	0.07	1.192734e-03
229	0.07	1.177144e-03
230	0.07	1.161758e-03
231	0.07	1.146573e-03
232	0.07	1.131586e-03
233	0.07	1.116795e-03
234	0.06	1.102197e-03
235	0.07	1.087791e-03
236	0.07	1.073572e-03
237	0.07	1.059539e-03
238	0.07	1.045690e-03
239	0.07	1.032022e-03
240	0.07	1.018533e-03
241	0.07	1.005219e-03
242	0.07	9.920801e-04
