57680
85358
9378
55777
2904
1859
26047
5728
8912
152330
23426
4233
139411
285195
57502
54413
4204
22941
4478
6326
83473
23126
10716
8452
23394
57492
55217
79813
100
23245
57194
491
26053
552
1139
7257
27086
93986
2898
3150
3690
3912
140733
4983
5021
5444
54715
5649
9037
124565
121278
2332
2562
2944
3123
3198
324
3265
4128
4763
4862
5187
6532
8604
8828
1007
1008
1814
50834
4897
2020
100188832
10125
10165
1020
10203
10418
107
1081
10814
10922
11069
11141
11254
11281
11329
1133
1137
114548
114785
114793
114815
114880
115677
116987
1268
1269
129446
1301
130940
1312
135
1358
1454
147
1482
15
150
151126
151531
154
1543
1545
154664
1565
1574
157680
1581
1583
1584
1586
1588
1589
1610
161357
161582
1621
1641
1644
166614
170302
170572
1717
1740
1745
1746
1795
18
181
1812
1813
1815
1816
1950
1977
200150
2066
2099
2100
2170
2171
2173
218
226
22798
22829
22871
22954
22986
23078
2308
23133
23237
23242
23316
23345
2346
2350
2354
23554
2477
2481
2482
2488
2554
2555
2556
2557
2558
2559
2565
2567
2571
2572
25978
2643
2644
26470
267012
2693
27044
27185
27347
2739
275
2847
2876
2892
2899
2903
2911
2915
2917
2918
2925
2950
3060
3061
3062
3077
3082
3084
3105
3106
317
321
3210
3230
3237
3238
3239
3280
3290
3293
3294
3295
3350
3351
3352
3354
3356
3358
3359
3361
3362
3363
344387
3479
348
3481
3557
3628
367
3676
3751
375612
375790
3760
3782
3806
3809
3810
3813
389549
3927
3952
3953
3972
3973
40
4010
412
4129
4137
4139
4150
4159
4160
4176
4340
438
4489
4520
4524
4543
4544
4548
4552
4582
4642
4692
4698
4733
4734
4762
4783
4803
4804
4842
4843
4852
4885
4886
4887
4889
4908
4909
4914
4915
4916
4929
4974
4985
4986
4987
4988
5020
5048
5053
5054
5080
5092
50944
51738
5191
5218
5243
527
5290
5294
5295
5307
5309
5368
53942
5443
5447
54538
54556
54806
54842
54954
55273
553
5531
55502
55624
5579
5595
5604
5605
5617
5618
5625
56729
5697
5739
5743
5747
57496
57628
5799
5803
5805
5860
5894
5914
5915
5916
59286
596
5981
6134
6256
6257
6258
6263
627
6342
635
63979
64221
64324
6447
6462
6470
6505
6507
65267
6529
6530
6531
6535
6561
6573
6608
6616
6638
6697
6715
6716
6804
6822
6863
6899
6948
7035
7040
7054
706
7101
7102
7124
7166
721
7248
7249
7275
7299
7319
7328
7337
7422
7425
7433
7436
7442
7466
7472
7529
7534
7782
79740
7982
80034
8128
8140
81565
816
836
83852
83943
84152
842
8448
8479
8573
875
8831
885
8864
8913
9013
90665
9086
9177
9228
9256
9344
9360
93664
94313
9456
952
9555
9575
9607
9732
9783
9869
9915
9968
9990
3211
93655
158
3791
2131
9722
1499
1750
29123
4922
1959
387573
221035
4208
6323
3146
2550
26958
220296
361
5864
1509
79648
9370
6755
80258
221037
4232
1006
10458
7979
57526
1760
4152
129684
7157
26960
6328
207
2697
23705
476
6999
2321
2560
197320
4282
1141
793
6343
5175
2891
79083
9568
1719
192683
51111
79718
29072
22854
132
2334
84871
186
231
145645
205428
765
778
113201
64405
8218
29119
168400
1804
1806
26122
2103
254170
51725
55079
2272
2444
114805
54584
10082
2895
2969
64711
3382
7850
26280
3778
253980
202559
57691
145581
4036
55227
84445
1800
53615
8930
4481
4241
23026
56160
4753
9379
30010
284451
26188
5071
57575
5101
5350
23362
116442
6000
158800
6196
23314
6383
57282
54221
6660
6853
51760
9779
6907
22846