#Iter	Time	Change
0	0.22	7.812116e+02
1	0.03	4.299364e+02
2	0.03	3.791128e+02
3	0.02	3.540370e+02
4	0.02	3.420097e+02
5	0.03	3.244639e+02
6	0.02	3.127609e+02
7	0.02	2.963820e+02
8	0.02	2.844399e+02
9	0.02	2.692274e+02
10	0.02	2.575930e+02
11	0.02	2.437227e+02
12	0.02	2.327972e+02
13	0.02	2.202761e+02
14	0.02	2.101729e+02
15	0.02	1.989312e+02
16	0.02	1.896839e+02
17	0.02	1.796182e+02
18	0.02	1.712103e+02
19	0.03	1.621953e+02
20	0.02	1.545829e+02
21	0.02	1.465021e+02
22	0.02	1.396110e+02
23	0.03	1.323616e+02
24	0.03	1.261261e+02
25	0.02	1.196173e+02
26	0.02	1.139751e+02
27	0.02	1.081270e+02
28	0.02	1.030213e+02
29	0.02	9.776232e+01
30	0.02	9.314155e+01
31	0.02	8.840918e+01
32	0.02	8.422627e+01
33	0.02	7.996465e+01
34	0.02	7.617733e+01
35	0.02	7.233749e+01
36	0.02	6.890750e+01
37	0.02	6.544625e+01
38	0.02	6.233912e+01
39	0.02	5.921754e+01
40	0.02	5.640247e+01
41	0.02	5.358619e+01
42	0.02	5.103543e+01
43	0.03	4.849375e+01
44	0.03	4.618227e+01
45	0.03	4.388779e+01
46	0.03	4.179309e+01
47	0.02	3.972119e+01
48	0.03	3.782311e+01
49	0.03	3.595196e+01
50	0.03	3.423192e+01
51	0.03	3.254157e+01
52	0.03	3.098288e+01
53	0.02	2.945569e+01
54	0.02	2.804319e+01
55	0.02	2.666321e+01
56	0.02	2.538321e+01
57	0.02	2.413599e+01
58	0.03	2.297617e+01
59	0.02	2.184878e+01
60	0.02	2.079787e+01
61	0.02	1.977875e+01
62	0.02	1.882654e+01
63	0.02	1.790517e+01
64	0.02	1.704244e+01
65	0.02	1.620938e+01
66	0.03	1.542784e+01
67	0.03	1.467454e+01
68	0.02	1.396659e+01
69	0.02	1.328539e+01
70	0.02	1.264416e+01
71	0.02	1.202809e+01
72	0.02	1.144731e+01
73	0.02	1.089011e+01
74	0.02	1.036410e+01
75	0.02	9.860117e+00
76	0.02	9.383729e+00
77	0.02	8.927868e+00
78	0.02	8.496423e+00
79	0.02	8.084084e+00
80	0.02	7.693350e+00
81	0.02	7.320376e+00
82	0.02	6.966518e+00
83	0.02	6.629150e+00
84	0.02	6.308693e+00
85	0.02	6.003531e+00
86	0.02	5.713327e+00
87	0.02	5.437296e+00
88	0.02	5.174490e+00
89	0.02	4.924809e+00
90	0.02	4.686816e+00
91	0.02	4.460969e+00
92	0.02	4.245448e+00
93	0.02	4.041159e+00
94	0.02	3.845988e+00
95	0.02	3.661198e+00
96	0.02	3.484455e+00
97	0.02	3.317301e+00
98	0.02	3.157245e+00
99	0.02	3.006043e+00
100	0.02	2.861097e+00
101	0.02	2.724323e+00
102	0.02	2.593060e+00
103	0.02	2.469335e+00
104	0.02	2.350460e+00
105	0.02	2.238539e+00
106	0.02	2.130880e+00
107	0.02	2.029634e+00
108	0.02	1.932131e+00
109	0.02	1.840540e+00
110	0.02	1.752232e+00
111	0.02	1.669373e+00
112	0.02	1.589390e+00
113	0.02	1.514429e+00
114	0.02	1.441983e+00
115	0.02	1.374165e+00
116	0.02	1.308543e+00
117	0.02	1.247185e+00
118	0.02	1.187741e+00
119	0.02	1.132226e+00
120	0.02	1.078375e+00
121	0.02	1.028145e+00
122	0.02	9.793576e-01
123	0.02	9.339063e-01
124	0.02	8.897037e-01
125	0.02	8.485747e-01
126	0.02	8.085229e-01
127	0.02	7.713029e-01
128	0.02	7.350090e-01
129	0.02	7.013245e-01
130	0.02	6.684330e-01
131	0.02	6.379459e-01
132	0.02	6.081349e-01
133	0.02	5.805397e-01
134	0.03	5.535178e-01
135	0.03	5.285380e-01
136	0.03	5.040415e-01
137	0.02	4.814272e-01
138	0.02	4.592172e-01
139	0.03	4.387424e-01
140	0.02	4.186028e-01
141	0.02	4.000631e-01
142	0.02	3.817983e-01
143	0.02	3.650087e-01
144	0.02	3.484416e-01
145	0.02	3.332350e-01
146	0.02	3.182053e-01
147	0.02	3.044305e-01
148	0.02	2.907932e-01
149	0.02	2.783134e-01
150	0.02	2.659370e-01
151	0.02	2.546287e-01
152	0.02	2.433944e-01
153	0.02	2.331457e-01
154	0.02	2.229459e-01
155	0.02	2.136557e-01
156	0.02	2.043930e-01
157	0.02	1.959698e-01
158	0.02	1.875560e-01
159	0.02	1.799173e-01
160	0.02	1.722725e-01
161	0.02	1.653434e-01
162	0.02	1.583954e-01
163	0.02	1.521083e-01
164	0.02	1.457917e-01
165	0.02	1.400855e-01
166	0.02	1.343410e-01
167	0.02	1.291604e-01
168	0.02	1.239344e-01
169	0.02	1.192294e-01
170	0.02	1.144734e-01
171	0.02	1.101988e-01
172	0.02	1.058688e-01
173	0.02	1.019837e-01
174	0.02	9.803996e-02
175	0.02	9.450733e-02
176	0.02	9.091381e-02
177	0.02	8.770025e-02
178	0.02	8.442430e-02
179	0.02	8.149958e-02
180	0.03	7.851167e-02
181	0.02	7.584843e-02
182	0.03	7.312180e-02
183	0.02	7.069531e-02
184	0.02	6.820574e-02
185	0.02	6.599363e-02
186	0.02	6.371916e-02
187	0.02	6.170121e-02
188	0.02	5.962197e-02
189	0.02	5.777987e-02
190	0.02	5.587787e-02
191	0.02	5.419508e-02
192	0.02	5.245399e-02
193	0.02	5.091554e-02
194	0.02	4.932060e-02
195	0.02	4.791295e-02
196	0.02	4.645077e-02
197	0.02	4.516171e-02
198	0.03	4.382014e-02
199	0.03	4.263859e-02
200	0.02	4.140663e-02
201	0.02	4.032255e-02
202	0.03	3.919026e-02
203	0.02	3.819458e-02
204	0.02	3.715292e-02
205	0.02	3.623745e-02
206	0.02	3.527825e-02
207	0.02	3.443556e-02
208	0.02	3.355139e-02
209	0.02	3.277477e-02
210	0.02	3.195891e-02
211	0.02	3.124229e-02
212	0.02	3.048865e-02
213	0.02	2.982652e-02
214	0.02	2.912957e-02
215	0.02	2.851695e-02
216	0.02	2.787167e-02
217	0.02	2.730406e-02
218	0.02	2.670590e-02
219	0.02	2.617924e-02
220	0.02	2.562406e-02
221	0.02	2.513465e-02
222	0.02	2.461870e-02
223	0.02	2.416321e-02
224	0.02	2.368310e-02
225	0.03	2.325850e-02
226	0.02	2.281113e-02
227	0.02	2.241469e-02
228	0.02	2.199725e-02
229	0.02	2.162649e-02
230	0.02	2.123644e-02
231	0.02	2.088912e-02
232	0.02	2.052415e-02
233	0.02	2.019822e-02
234	0.02	1.985622e-02
235	0.02	1.954986e-02
236	0.02	1.922891e-02
237	0.02	1.894044e-02
238	0.02	1.863882e-02
239	0.02	1.836672e-02
240	0.02	1.808284e-02
241	0.02	1.782575e-02
242	0.02	1.755817e-02
243	0.02	1.731484e-02
244	0.02	1.706225e-02
245	0.03	1.683157e-02
246	0.03	1.659277e-02
247	0.02	1.637370e-02
248	0.02	1.614762e-02
249	0.02	1.593923e-02
250	0.02	1.572488e-02
251	0.02	1.552632e-02
252	0.02	1.532280e-02
253	0.02	1.513332e-02
254	0.02	1.493980e-02
255	0.02	1.475870e-02
256	0.02	1.457444e-02
257	0.02	1.440109e-02
258	0.02	1.422540e-02
259	0.02	1.405922e-02
260	0.02	1.389148e-02
261	0.02	1.373196e-02
262	0.02	1.357160e-02
263	0.02	1.341825e-02
264	0.02	1.326475e-02
265	0.02	1.311714e-02
266	0.02	1.297002e-02
267	0.02	1.282777e-02
268	0.02	1.268660e-02
269	0.02	1.254933e-02
270	0.02	1.241371e-02
271	0.02	1.228111e-02
272	0.02	1.215067e-02
273	0.02	1.202244e-02
274	0.02	1.189685e-02
275	0.02	1.177270e-02
276	0.02	1.165165e-02
277	0.02	1.153135e-02
278	0.02	1.141456e-02
279	0.02	1.129788e-02
280	0.02	1.118509e-02
281	0.02	1.107181e-02
282	0.02	1.096279e-02
283	0.02	1.085272e-02
284	0.02	1.074724e-02
285	0.02	1.064021e-02
286	0.02	1.053808e-02
287	0.02	1.043393e-02
288	0.02	1.033495e-02
289	0.02	1.023353e-02
290	0.03	1.013753e-02
291	0.03	1.003871e-02
292	0.02	9.945537e-03
293	0.02	9.849191e-03
294	0.02	9.758694e-03
295	0.02	9.664704e-03
296	0.02	9.576752e-03
297	0.02	9.485010e-03
298	0.02	9.399476e-03
299	0.03	9.309885e-03
300	0.02	9.226653e-03
301	0.02	9.139122e-03
302	0.02	9.058084e-03
303	0.03	8.972529e-03
304	0.02	8.893585e-03
305	0.02	8.809926e-03
306	0.03	8.732983e-03
307	0.03	8.651149e-03
308	0.03	8.576119e-03
309	0.03	8.496042e-03
310	0.03	8.422844e-03
311	0.03	8.344461e-03
312	0.03	8.273021e-03
313	0.04	8.196272e-03
314	0.03	8.126519e-03
315	0.03	8.051350e-03
316	0.03	7.983217e-03
317	0.03	7.909577e-03
318	0.03	7.843002e-03
319	0.03	7.770842e-03
320	0.03	7.705768e-03
321	0.02	7.635042e-03
322	0.02	7.571413e-03
323	0.03	7.502078e-03
324	0.03	7.439844e-03
325	0.02	7.371860e-03
326	0.02	7.310972e-03
327	0.02	7.244300e-03
328	0.02	7.184713e-03
329	0.02	7.119318e-03
330	0.02	7.060989e-03
331	0.02	6.996835e-03
332	0.02	6.939723e-03
333	0.02	6.876779e-03
334	0.02	6.820846e-03
335	0.02	6.759080e-03
336	0.03	6.704290e-03
337	0.02	6.643672e-03
338	0.02	6.589991e-03
339	0.02	6.530494e-03
340	0.02	6.477888e-03
341	0.02	6.419484e-03
342	0.02	6.367923e-03
343	0.03	6.310587e-03
344	0.02	6.260041e-03
345	0.02	6.203748e-03
346	0.02	6.154189e-03
347	0.02	6.098915e-03
348	0.02	6.050316e-03
349	0.02	5.996038e-03
350	0.02	5.948374e-03
351	0.02	5.895070e-03
352	0.02	5.848316e-03
353	0.02	5.795966e-03
354	0.02	5.750098e-03
355	0.02	5.698680e-03
356	0.03	5.653677e-03
357	0.02	5.603172e-03
358	0.02	5.559011e-03
359	0.02	5.509400e-03
360	0.02	5.466061e-03
361	0.02	5.417326e-03
362	0.02	5.374789e-03
363	0.03	5.326911e-03
364	0.02	5.285157e-03
365	0.03	5.238120e-03
366	0.02	5.197130e-03
367	0.03	5.150916e-03
368	0.02	5.110673e-03
369	0.02	5.065267e-03
370	0.02	5.025754e-03
371	0.02	4.981138e-03
372	0.02	4.942338e-03
373	0.02	4.898499e-03
374	0.02	4.860397e-03
375	0.02	4.817319e-03
376	0.03	4.779898e-03
377	0.02	4.737566e-03
378	0.03	4.700813e-03
379	0.05	4.659213e-03
380	0.03	4.623112e-03
381	0.02	4.582231e-03
382	0.02	4.546769e-03
383	0.02	4.506593e-03
384	0.02	4.471756e-03
385	0.02	4.432271e-03
386	0.02	4.398046e-03
387	0.02	4.359240e-03
388	0.02	4.325615e-03
389	0.02	4.287475e-03
390	0.02	4.254436e-03
391	0.02	4.216951e-03
392	0.02	4.184487e-03
393	0.02	4.147643e-03
394	0.02	4.115744e-03
395	0.02	4.079530e-03
396	0.02	4.048182e-03
397	0.02	4.012587e-03
398	0.02	3.981781e-03
399	0.02	3.946793e-03
400	0.02	3.916517e-03
401	0.02	3.882125e-03
402	0.02	3.852369e-03
403	0.02	3.818563e-03
404	0.02	3.789318e-03
405	0.02	3.756087e-03
406	0.02	3.727341e-03
407	0.02	3.694675e-03
408	0.03	3.666420e-03
409	0.02	3.634308e-03
410	0.03	3.606534e-03
411	0.03	3.574967e-03
412	0.02	3.547665e-03
413	0.02	3.516632e-03
414	0.02	3.489793e-03
415	0.02	3.459287e-03
416	0.02	3.432902e-03
417	0.02	3.402911e-03
418	0.02	3.376972e-03
419	0.02	3.347488e-03
420	0.02	3.321987e-03
421	0.02	3.293001e-03
422	0.02	3.267929e-03
423	0.02	3.239433e-03
424	0.02	3.214782e-03
425	0.02	3.186766e-03
426	0.02	3.162529e-03
427	0.02	3.134985e-03
428	0.02	3.111154e-03
429	0.02	3.084074e-03
430	0.02	3.060641e-03
431	0.02	3.034017e-03
432	0.02	3.010976e-03
433	0.02	2.984800e-03
434	0.02	2.962143e-03
435	0.02	2.936407e-03
436	0.02	2.914127e-03
437	0.02	2.888823e-03
438	0.02	2.866914e-03
439	0.02	2.842035e-03
440	0.02	2.820490e-03
441	0.02	2.796028e-03
442	0.02	2.774841e-03
443	0.02	2.750788e-03
444	0.02	2.729952e-03
445	0.02	2.706303e-03
446	0.02	2.685812e-03
447	0.02	2.662558e-03
448	0.02	2.642406e-03
449	0.02	2.619541e-03
450	0.03	2.599722e-03
451	0.02	2.577239e-03
452	0.02	2.557747e-03
453	0.02	2.535640e-03
454	0.02	2.516469e-03
455	0.02	2.494731e-03
456	0.02	2.475876e-03
457	0.02	2.454500e-03
458	0.02	2.435955e-03
459	0.02	2.414936e-03
460	0.02	2.396696e-03
461	0.02	2.376028e-03
462	0.02	2.358087e-03
463	0.02	2.337762e-03
464	0.03	2.320116e-03
465	0.02	2.300130e-03
466	0.03	2.282772e-03
467	0.02	2.263119e-03
468	0.02	2.246046e-03
469	0.02	2.226719e-03
470	0.02	2.209925e-03
471	0.02	2.190920e-03
472	0.02	2.174400e-03
473	0.02	2.155711e-03
474	0.02	2.139461e-03
475	0.03	2.121082e-03
476	0.02	2.105097e-03
477	0.02	2.087023e-03
478	0.02	2.071299e-03
479	0.02	2.053524e-03
480	0.02	2.038056e-03
481	0.02	2.020576e-03
482	0.02	2.005360e-03
483	0.02	1.988169e-03
484	0.02	1.973201e-03
485	0.02	1.956295e-03
486	0.02	1.941570e-03
487	0.02	1.924944e-03
488	0.02	1.910458e-03
489	0.02	1.894107e-03
490	0.02	1.879856e-03
491	0.03	1.863775e-03
492	0.02	1.849755e-03
493	0.02	1.833940e-03
494	0.02	1.820148e-03
495	0.02	1.804594e-03
496	0.02	1.791025e-03
497	0.02	1.775728e-03
498	0.02	1.762379e-03
499	0.02	1.747333e-03
