#Iter	Time	Change
0	0.52	5.354900e+02
1	0.05	4.896794e+02
2	0.04	4.847014e+02
3	0.04	4.740388e+02
4	0.06	4.632286e+02
5	0.04	4.539901e+02
6	0.04	4.417747e+02
7	0.05	4.345493e+02
8	0.04	4.234613e+02
9	0.04	4.170914e+02
10	0.04	4.070933e+02
11	0.05	4.011568e+02
12	0.04	3.921069e+02
13	0.04	3.864415e+02
14	0.04	3.781522e+02
15	0.04	3.727212e+02
16	0.05	3.650876e+02
17	0.05	3.598813e+02
18	0.05	3.528164e+02
19	0.05	3.478237e+02
20	0.05	3.412669e+02
21	0.04	3.364759e+02
22	0.06	3.303676e+02
23	0.05	3.257696e+02
24	0.04	3.200599e+02
25	0.05	3.156467e+02
26	0.05	3.102946e+02
27	0.05	3.060562e+02
28	0.05	3.010238e+02
29	0.06	2.969509e+02
30	0.06	2.922053e+02
31	0.05	2.882875e+02
32	0.06	2.838003e+02
33	0.04	2.800277e+02
34	0.05	2.757739e+02
35	0.05	2.721375e+02
36	0.05	2.680941e+02
37	0.05	2.645853e+02
38	0.05	2.607329e+02
39	0.04	2.573434e+02
40	0.05	2.536647e+02
41	0.05	2.503872e+02
42	0.05	2.468668e+02
43	0.05	2.436947e+02
44	0.04	2.403194e+02
45	0.04	2.372466e+02
46	0.04	2.340046e+02
47	0.04	2.310257e+02
48	0.05	2.279066e+02
49	0.04	2.250170e+02
50	0.04	2.220119e+02
51	0.04	2.192071e+02
52	0.05	2.163084e+02
53	0.04	2.135850e+02
54	0.04	2.107853e+02
55	0.05	2.081384e+02
56	0.05	2.054311e+02
57	0.04	2.028577e+02
58	0.05	2.002369e+02
59	0.04	1.977344e+02
60	0.04	1.951948e+02
61	0.05	1.927603e+02
62	0.05	1.902974e+02
63	0.04	1.879282e+02
64	0.05	1.855381e+02
65	0.04	1.832320e+02
66	0.05	1.809108e+02
67	0.06	1.786658e+02
68	0.05	1.764105e+02
69	0.04	1.742241e+02
70	0.04	1.720316e+02
71	0.04	1.699019e+02
72	0.05	1.677700e+02
73	0.04	1.656948e+02
74	0.04	1.636210e+02
75	0.04	1.615987e+02
76	0.04	1.595807e+02
77	0.04	1.576095e+02
78	0.04	1.556452e+02
79	0.05	1.537237e+02
80	0.05	1.518112e+02
81	0.05	1.499380e+02
82	0.05	1.480754e+02
83	0.04	1.462490e+02
84	0.04	1.444347e+02
85	0.04	1.426538e+02
86	0.04	1.408863e+02
87	0.04	1.391497e+02
88	0.04	1.374275e+02
89	0.04	1.357339e+02
90	0.04	1.340555e+02
91	0.04	1.324039e+02
92	0.04	1.307680e+02
93	0.04	1.291572e+02
94	0.07	1.275627e+02
95	0.05	1.259915e+02
96	0.04	1.244371e+02
97	0.04	1.229047e+02
98	0.05	1.213893e+02
99	0.04	1.198945e+02
100	0.04	1.184172e+02
101	0.04	1.169590e+02
102	0.04	1.155186e+02
103	0.04	1.140961e+02
104	0.04	1.126916e+02
105	0.05	1.113041e+02
106	0.04	1.099345e+02
107	0.05	1.085810e+02
108	0.05	1.072453e+02
109	0.04	1.059249e+02
110	0.05	1.046223e+02
111	0.05	1.033343e+02
112	0.04	1.020639e+02
113	0.05	1.008077e+02
114	0.05	9.956839e+01
115	0.05	9.834310e+01
116	0.04	9.713421e+01
117	0.05	9.593905e+01
118	0.06	9.475979e+01
119	0.06	9.359402e+01
120	0.06	9.244387e+01
121	0.06	9.130658e+01
122	0.05	9.018473e+01
123	0.04	8.907522e+01
124	0.05	8.798095e+01
125	0.04	8.689855e+01
126	0.04	8.583117e+01
127	0.04	8.477519e+01
128	0.05	8.373403e+01
129	0.04	8.270384e+01
130	0.05	8.168824e+01
131	0.04	8.068320e+01
132	0.05	7.969252e+01
133	0.04	7.871202e+01
134	0.05	7.774564e+01
135	0.04	7.678907e+01
136	0.04	7.584639e+01
137	0.05	7.491317e+01
138	0.05	7.399361e+01
139	0.05	7.308316e+01
140	0.06	7.218614e+01
141	0.04	7.129791e+01
142	0.04	7.042288e+01
143	0.04	6.955633e+01
144	0.04	6.870273e+01
145	0.04	6.785733e+01
146	0.05	6.702465e+01
147	0.04	6.619987e+01
148	0.04	6.538759e+01
149	0.04	6.458294e+01
150	0.04	6.379055e+01
151	0.04	6.300553e+01
152	0.04	6.223256e+01
153	0.04	6.146669e+01
154	0.05	6.071264e+01
155	0.04	5.996547e+01
156	0.04	5.922988e+01
157	0.04	5.850093e+01
158	0.04	5.778336e+01
159	0.05	5.707220e+01
160	0.04	5.637219e+01
161	0.04	5.567838e+01
162	0.04	5.499552e+01
163	0.05	5.431863e+01
164	0.04	5.365249e+01
165	0.04	5.299212e+01
166	0.05	5.234228e+01
167	0.05	5.169802e+01
168	0.05	5.106408e+01
169	0.05	5.043555e+01
170	0.04	4.981713e+01
171	0.05	4.920392e+01
172	0.05	4.860065e+01
173	0.04	4.800240e+01
174	0.04	4.741389e+01
175	0.06	4.683024e+01
176	0.06	4.625613e+01
177	0.04	4.568672e+01
178	0.05	4.512667e+01
179	0.05	4.457115e+01
180	0.05	4.402480e+01
181	0.05	4.348284e+01
182	0.05	4.294986e+01
183	0.05	4.242112e+01
184	0.05	4.190119e+01
185	0.04	4.138534e+01
186	0.04	4.087814e+01
187	0.04	4.037487e+01
188	0.04	3.988008e+01
189	0.04	3.938910e+01
190	0.04	3.890642e+01
191	0.04	3.842741e+01
192	0.04	3.795654e+01
193	0.04	3.748922e+01
194	0.05	3.702988e+01
195	0.06	3.657395e+01
196	0.04	3.612585e+01
197	0.07	3.568105e+01
198	0.04	3.524392e+01
199	0.04	3.480997e+01
200	0.04	3.438353e+01
201	0.04	3.396017e+01
202	0.04	3.354417e+01
203	0.04	3.313113e+01
204	0.04	3.272531e+01
205	0.04	3.232235e+01
206	0.04	3.192646e+01
207	0.04	3.153333e+01
208	0.04	3.114713e+01
209	0.04	3.076359e+01
210	0.04	3.038684e+01
211	0.04	3.001265e+01
212	0.04	2.964513e+01
213	0.04	2.928006e+01
214	0.04	2.892154e+01
215	0.04	2.856538e+01
216	0.05	2.821562e+01
217	0.05	2.786815e+01
218	0.04	2.752696e+01
219	0.05	2.718796e+01
220	0.05	2.685512e+01
221	0.06	2.652438e+01
222	0.05	2.619969e+01
223	0.05	2.587702e+01
224	0.04	2.556027e+01
225	0.04	2.524547e+01
226	0.04	2.493648e+01
227	0.04	2.462936e+01
228	0.04	2.432792e+01
229	0.04	2.402829e+01
230	0.04	2.373424e+01
231	0.04	2.344191e+01
232	0.04	2.315505e+01
233	0.04	2.286985e+01
234	0.05	2.259002e+01
235	0.04	2.231177e+01
236	0.04	2.203879e+01
237	0.04	2.176733e+01
238	0.04	2.150102e+01
239	0.04	2.123618e+01
240	0.04	2.097640e+01
241	0.04	2.071801e+01
242	0.04	2.046459e+01
243	0.04	2.021250e+01
244	0.04	1.996528e+01
245	0.04	1.971934e+01
246	0.04	1.947816e+01
247	0.04	1.923822e+01
248	0.04	1.900295e+01
249	0.04	1.876886e+01
250	0.04	1.853935e+01
251	0.04	1.831096e+01
252	0.04	1.808707e+01
253	0.04	1.786425e+01
254	0.04	1.764584e+01
255	0.04	1.742845e+01
256	0.04	1.721538e+01
257	0.04	1.700329e+01
258	0.04	1.679544e+01
259	0.04	1.658852e+01
260	0.04	1.638576e+01
261	0.04	1.618388e+01
262	0.04	1.598608e+01
263	0.04	1.578913e+01
264	0.04	1.559617e+01
265	0.04	1.540401e+01
266	0.04	1.521578e+01
267	0.04	1.502830e+01
268	0.04	1.484468e+01
269	0.04	1.466177e+01
270	0.04	1.448264e+01
271	0.05	1.430419e+01
272	0.04	1.412945e+01
273	0.04	1.395535e+01
274	0.04	1.378488e+01
275	0.04	1.361502e+01
276	0.04	1.344873e+01
277	0.04	1.328301e+01
278	0.04	1.312079e+01
279	0.04	1.295911e+01
280	0.04	1.280086e+01
281	0.04	1.264311e+01
282	0.04	1.248873e+01
283	0.04	1.233483e+01
284	0.04	1.218424e+01
285	0.03	1.203408e+01
286	0.04	1.188718e+01
287	0.03	1.174068e+01
288	0.03	1.159737e+01
289	0.03	1.145444e+01
290	0.03	1.131464e+01
291	0.03	1.117519e+01
292	0.03	1.103881e+01
293	0.03	1.090276e+01
294	0.03	1.076972e+01
295	0.03	1.063698e+01
296	0.03	1.050720e+01
297	0.03	1.037770e+01
298	0.04	1.025109e+01
299	0.03	1.012474e+01
300	0.04	1.000123e+01
301	0.03	9.877960e+00
302	0.03	9.757477e+00
303	0.04	9.637206e+00
304	0.03	9.519673e+00
305	0.03	9.402330e+00
306	0.03	9.287675e+00
307	0.03	9.173189e+00
308	0.03	9.061342e+00
309	0.03	8.949643e+00
310	0.03	8.840534e+00
311	0.03	8.731554e+00
312	0.03	8.625117e+00
313	0.04	8.518790e+00
314	0.04	8.414960e+00
315	0.03	8.311221e+00
316	0.03	8.209933e+00
317	0.03	8.108719e+00
318	0.03	8.009911e+00
319	0.03	7.911160e+00
320	0.04	7.814772e+00
321	0.03	7.718425e+00
322	0.03	7.624397e+00
323	0.03	7.530394e+00
324	0.03	7.438669e+00
325	0.03	7.346954e+00
326	0.03	7.257475e+00
327	0.03	7.167991e+00
328	0.03	7.080703e+00
329	0.04	6.993397e+00
330	0.03	6.908247e+00
331	0.03	6.823065e+00
332	0.03	6.740000e+00
333	0.03	6.656890e+00
334	0.04	6.575859e+00
335	0.03	6.494771e+00
336	0.03	6.415725e+00
337	0.04	6.336609e+00
338	0.03	6.259499e+00
339	0.03	6.182307e+00
340	0.03	6.107086e+00
341	0.03	6.031772e+00
342	0.03	5.958392e+00
343	0.03	5.884910e+00
344	0.03	5.813328e+00
345	0.03	5.741632e+00
346	0.03	5.671803e+00
347	0.03	5.601851e+00
348	0.03	5.533732e+00
349	0.03	5.465481e+00
350	0.03	5.399031e+00
351	0.03	5.332439e+00
352	0.04	5.267616e+00
353	0.04	5.202643e+00
354	0.05	5.139408e+00
355	0.03	5.076014e+00
356	0.03	5.014329e+00
357	0.03	4.952476e+00
358	0.03	4.892301e+00
359	0.03	4.831951e+00
360	0.03	4.773251e+00
361	0.03	4.714367e+00
362	0.04	4.657105e+00
363	0.03	4.599653e+00
364	0.04	4.543793e+00
365	0.04	4.487737e+00
366	0.03	4.433245e+00
367	0.03	4.378551e+00
368	0.03	4.325394e+00
369	0.03	4.272029e+00
370	0.03	4.220175e+00
371	0.03	4.168105e+00
372	0.03	4.117522e+00
373	0.03	4.066717e+00
374	0.03	4.017373e+00
375	0.03	3.967802e+00
376	0.04	3.919667e+00
377	0.03	3.871300e+00
378	0.03	3.824344e+00
379	0.04	3.777152e+00
380	0.03	3.731346e+00
381	0.03	3.685300e+00
382	0.04	3.640616e+00
383	0.03	3.595688e+00
384	0.03	3.552099e+00
385	0.04	3.508262e+00
386	0.04	3.465741e+00
387	0.04	3.422968e+00
388	0.04	3.381489e+00
389	0.04	3.339754e+00
390	0.03	3.299292e+00
391	0.04	3.258569e+00
392	0.04	3.219099e+00
393	0.03	3.179365e+00
394	0.04	3.140861e+00
395	0.04	3.102091e+00
396	0.03	3.064531e+00
397	0.03	3.026702e+00
398	0.03	2.990062e+00
399	0.03	2.953151e+00
400	0.03	2.917409e+00
401	0.03	2.881393e+00
402	0.03	2.846527e+00
403	0.03	2.811385e+00
404	0.03	2.777374e+00
405	0.03	2.743084e+00
406	0.03	2.709906e+00
407	0.03	2.676447e+00
408	0.03	2.644083e+00
409	0.03	2.611435e+00
410	0.05	2.579864e+00
411	0.03	2.548008e+00
412	0.03	2.517211e+00
413	0.03	2.486127e+00
414	0.04	2.456084e+00
415	0.05	2.425755e+00
416	0.04	2.396448e+00
417	0.04	2.366853e+00
418	0.04	2.338265e+00
419	0.04	2.309388e+00
420	0.04	2.281500e+00
421	0.04	2.253323e+00
422	0.04	2.226119e+00
423	0.04	2.198624e+00
424	0.04	2.172087e+00
425	0.04	2.145258e+00
426	0.04	2.119371e+00
427	0.04	2.093192e+00
428	0.04	2.067941e+00
429	0.04	2.042396e+00
430	0.04	2.017763e+00
431	0.04	1.992836e+00
432	0.04	1.968808e+00
433	0.04	1.944485e+00
434	0.04	1.921045e+00
435	0.04	1.897311e+00
436	0.04	1.874446e+00
437	0.04	1.851287e+00
438	0.04	1.828982e+00
439	0.03	1.806383e+00
440	0.04	1.784626e+00
441	0.04	1.762574e+00
442	0.03	1.741350e+00
443	0.03	1.719832e+00
444	0.03	1.699128e+00
445	0.03	1.678130e+00
446	0.03	1.657935e+00
447	0.03	1.637445e+00
448	0.03	1.617744e+00
449	0.03	1.597750e+00
450	0.03	1.578533e+00
451	0.03	1.559022e+00
452	0.03	1.540276e+00
453	0.04	1.521237e+00
454	0.03	1.502951e+00
455	0.03	1.484372e+00
456	0.03	1.466534e+00
457	0.03	1.448405e+00
458	0.03	1.431004e+00
459	0.03	1.413313e+00
460	0.03	1.396339e+00
461	0.03	1.379076e+00
462	0.03	1.362518e+00
463	0.03	1.345672e+00
464	0.03	1.329521e+00
465	0.03	1.313081e+00
466	0.03	1.297326e+00
467	0.03	1.281284e+00
468	0.03	1.265915e+00
469	0.03	1.250260e+00
470	0.03	1.235269e+00
471	0.03	1.219992e+00
472	0.03	1.205368e+00
473	0.03	1.190460e+00
474	0.03	1.176195e+00
475	0.04	1.161647e+00
476	0.03	1.147732e+00
477	0.03	1.133535e+00
478	0.03	1.119962e+00
479	0.03	1.106107e+00
480	0.03	1.092867e+00
481	0.03	1.079346e+00
482	0.03	1.066431e+00
483	0.03	1.053237e+00
484	0.03	1.040638e+00
485	0.03	1.027762e+00
486	0.03	1.015473e+00
487	0.03	1.002908e+00
488	0.03	9.909198e-01
489	0.03	9.786574e-01
490	0.03	9.669638e-01
491	0.03	9.549970e-01
492	0.03	9.435903e-01
493	0.03	9.319120e-01
494	0.03	9.207853e-01
495	0.03	9.093884e-01
496	0.03	8.985348e-01
497	0.03	8.874125e-01
498	0.03	8.768253e-01
499	0.03	8.659709e-01
